-0.008601
0.036387
-0.002633
-0.003777
0.020037
0.007126
0.029738
-0.02238
-0.023763
0.038775
0.052091
0.041041
8.06E-4
-3.53E-4
0.023217
0.045084
-0.019122
-0.006896
0.033662
0.042192
0.002101
0.043662
0.041357
0.045761
0.045348
0.002719
0.030698
0.024606
0.041762
0.033276
0.051036
0.051674
0.052461
0.049859
0.047452
0.047083
0.046148
0.031709
0.017847
0.041458
0.041273
0.049955
0.048562
0.049667
0.049014
0.048898
0.03785
0.047244
0.047468
0.047922
0.049973
0.049674
0.0492
0.053672
0.034569
0.031045
0.041332
0.037592
0.039988
0.039698
0.039454
0.048742
0.046131
0.053876
0.051752
0.053412
0.030357
0.032719
0.038053
0.039342
0.01745
0.042454
0.043521
0.046128
0.051708
0.031444
0.025449
0.001572
-0.018928
0.050415
0.049977
0.052186
0.053626
0.03123
-0.008937
0.052394
0.055006
0.053282
0.001919
0.038157
0.036149
0.053766
0.053114
0.042323
0.032374
0.039065
0.038553
-0.011136
0.053892
0.054236
0.032666
0.024708
0.039111
0.040429
-0.019951
0.054133
0.055525
0.052841
0.034842
0.038191
0.036689
0.039685
-0.03688
0.05586
0.054777
0.055978
0.031339
0.031661
0.015353
0.056803
0.020461
0.04734
0.029438
0.03766
0.038838
0.03751
0.05621
0.055975
-0.002344
0.039126
0.006755
0.040706
0.041326
0.037896
0.05389
0.056768
0.009059
0.050921
-0.024915
0.019563
0.055663
0.054848
-0.019257
0.034891
0.005067
0.041773
0.053546
0.055501
0.027691
0.028238
-0.009768
0.053924
0.056721
-0.001586
-0.021513
-0.045951
0.041474
0.041995
0.038912
0.039415
0.05552
0.054679
0.056921
0.031244
-0.014857
0.042315
0.040808
0.055462
0.055992
0.058706
-0.056569
0.038335
0.006692
-0.01849
-0.006599
0.040102
-0.030775
0.015008
-0.032031
0.042336
0.040944
0.032428
0.056914
0.058139
0.056359
0.034715
-0.044018
-0.012383
-0.006631
0.042042
0.04206
0.058276
0.036855
0.025865
-0.005186
0.041782
0.041099
0.056378
0.057418
0.057676
0.058831
0.056746
0.047629
0.041831
0.04331
0.055571
0.056953
0.032658
0.036573
0.016219
-0.006569
0.016953
0.045032
0.043957
0.042096
0.042053
0.057824
0.039455
0.040087
0.001195
0.037388
0.043199
0.043953
0.044335
0.042962
0.025314
0.058318
0.055951
0.030444
0.052531
0.001753
-0.012155
0.017096
0.043541
0.044221
0.041687
0.042327
0.05692
0.056885
0.057533
-0.006151
0.023498
0.001266
0.017865
0.044682
0.057594
0.056769
0.057289
0.057463
-0.029535
0.023151
0.034777
-0.006873
-0.001691
-0.019609
0.04379
0.042646
0.042611
0.057006
0.057417
0.025888
0.030801
-0.009029
0.04355
0.045478
0.04199
0.001364
0.008993
0.049238
-0.026063
0.023838
-0.022237
-0.004676
0.044626
0.045551
0.044103
0.04249
0.044014
0.056273
0.005235
-0.01164
0.048063
-0.008565
-0.05023
0.045023
0.045704
0.043507
0.056505
0.057113
0.014677
0.044932
0.016373
0.034163
-0.016555
0.045326
0.044062
0.04357
0.044541
0.04399
0.056179
0.050397
0.023118
0.001239
0.042376
0.045073
0.041981
0.044108
0.045048
0.055879
0.053841
0.05337
0.032768
0.034618
0.043541
0.044091
0.02414
0.05588
0.053206
0.054688
0.052644
-0.003172
0.042839
0.043755
-0.011877
0.051923
0.051164
0.047846
0.046217
-0.003174
0.007867
-0.007351
0.044858
0.043392
0.044653
0.045004
0.010456
0.053531
0.048989
0.053219
0.02912
0.042063
0.053476
0.040762
0.041883
0.042286
0.044712
-0.025532
-0.020468
0.048449
-0.013767
-0.013074
0.033637
0.016686
0.00436
0.042281
0.043242
0.044122
-0.039871
0.044943
0.006375
0.043534
0.043833
0.012664
0.044395
0.047208
-0.041287
0.010927
0.037793
0.041942
0.041898
0.042853
0.043025
-0.030666
-0.011138
0.046478
0.037826
0.022651
0.043324
0.043157
0.041523
0.039707
0.041941
0.038639
0.04393
0.043565
-0.055811
0.043757
0.027678
0.023594
-0.007934
0.034657
-0.002866
0.03724
0.04184
0.040362
0.043936
0.043093
0.043991
0.019962
-0.010018
0.04073
0.039077
0.042594
0.043989
0.041623
0.043348
0.039813
0.052587
0.035802
0.02201
0.037521
0.037272
0.039621
0.03699
0.039203
0.042577
0.04201
0.040364
0.040785
0.035279
-0.052866
0.037486
0.03766
0.039441
0.037101
0.042996
0.039714
0.035799
0.033862
0.038935
0.042157
0.030515
0.040746
-0.005105
-0.001087
0.024064
0.03621
0.036386
-0.022702
0.029984
0.048235
0.045808
0.041446
0.043548
0.007768
0.046153
0.054157
0.046763
0.04479
0.047224
0.044765
0.043068
0.052413
0.049238
0.040039
-0.02171
-2.07E-4
0.043362
0.008556
-0.023786
-0.009006
0.033402
0.030936
-0.021968
0.050383
0.044067
-0.011638
-0.001971
0.044701
0.043841
0.037656
-0.001836
0.024532
-0.01871
0.027108
0.034737
0.001158
0.029647
-0.011435
0.035288
0.040573
-0.014032
0.034207
0.00609
-0.002296
-0.005111
-0.017078
0.047021
0.04367
0.001672
-0.010156
0.008172
0.051469
0.042687
0.036306
0.03037
0.039012
4.25E-4
-0.056535
0.046033
0.042247
0.039094
0.027268
0.022698
-0.009227
0.037975
0.041348
0.006524
-0.008481
0.047549
0.031744
0.037987
0.005747
0.012069
0.031969
0.038499
0.015265
0.049121
0.048133
0.038749
0.0325
0.031593
0.04413
0.028476
0.043758
-0.010887
0.024508
0.006599
-0.012462
0.03439
0.033143
0.05265
0.043275
0.041404
0.039461
0.035941
0.0427
-0.007429
0.03589
0.021177
-0.00268
0.043949
0.002751
0.051512
0.048991
0.047405
0.047684
0.041307
0.04171
0.025846
0.05465
0.045165
0.033389
0.038655
0.029673
0.043631
-0.003392
-0.022994
-0.007346
0.038909
0.025302
0.052998
0.029315
0.013669
0.038013
-0.014383
-0.007315
0.052839
0.040199
-0.006539
0.051415
-0.008888
0.026663
-0.003732
-0.004664
0.05427
0.052237
0.03653
0.026304
-0.001725
-0.013365
0.001697
0.040239
0.044041
0.040341
0.044105
-0.00992
-0.028874
0.048659
0.044974
0.041544
-0.020733
0.02382
0.038313
0.005167
-0.007739
0.038229
-0.020497
0.051703
0.043029
0.029485
0.043624
-0.003563
0.054163
0.052469
0.047105
0.040538
0.03782
0.025074
-0.052758
0.011199
0.031694
0.0497
-0.013848
0.008747
0.022077
0.047138
0.054962
0.054386
0.050971
0.034363
0.031222
0.003815
6.14E-4
0.013985
0.003511
0.047148
0.048848
0.045972
0.031018
0.003938
-0.011169
0.03077
0.039876
0.030938
0.033198
0.055208
0.04208
-0.006911
0.047271
0.036666
0.026825
0.053269
0.002175
-0.023439
0.038581
0.004384
0.049772
-0.009762
0.037517
0.056236
0.050719
0.047121
0.038295
0.038231
0.038336
-0.017784
-0.003938
0.053199
0.026508
0.043414
0.027589
0.041062
-0.027559
0.030495
0.036008
-0.020252
0.004074
0.031993
0.034217
0.052993
-0.011111
-0.001729
0.035951
0.036
-0.004104
0.038792
0.047074
0.042187
0.034889
-0.00222
0.042365
0.046596
0.006411
1.32E-4
0.042347
0.042281
0.043599
0.0557
0.053812
0.051294
0.04811
0.043956
-0.016679
0.03494
0.050792
0.006302
0.036481
0.00643
0.030879
0.027142
0.001421
0.042843
-0.015414
0.033298
0.039417
-5.92E-4
0.004831
0.036197
-0.01843
0.047541
0.02899
0.045563
0.050375
0.029754
0.026626
0.033386
0.040874
0.036982
-0.00654
0.032754
-0.033799
-0.007675
-0.013476
0.00717
0.001871
-0.002361
-0.00399
-0.016365
0.002885
-0.009784
-0.027163
-0.008886
-0.023555
-0.007009
-0.011134
-0.014919
-0.020039
-0.012975
0.038376
0.03486
-0.029517
-0.007286
-0.01963
0.00683
-0.003469
-0.061046
2.9E-5
0.013838
-0.014314
-0.010037
0.019143
0.00873
0.004243
0.002308
-0.015174
-0.012334
0.033591
-0.012162
0.0126
0.00675
-0.017018
-0.028451
-0.023528
0.003992
0.010813
0.00178
0.018268
0.001229
-0.016329
-0.014071
-0.0143
-0.020587
-0.024207
0.004365
-0.06047
-0.027117
-0.022373
0.029618
0.011907
-0.009974
-0.019055
0.022645
-0.02424
-0.015256
0.00531
-0.023887
0.015175
0.011011
-0.002212
-0.014301
-0.034096
0.031295
-0.01038
-0.007105
0.015541
0.01642
0.028072
-0.006916
-0.012669
-0.017234
0.002516
0.005979
-0.005702
-0.055204
-0.04773
0.006588
-0.005323
-0.010308
-0.004278
0.01984
0.020587
-0.013703
-0.017249
-0.022727
-0.001811
0.012985
-0.019624
5.15E-4
-0.047801
-0.002362
0.003487
-0.001374
0.010654
-0.013083
-0.018476
-0.034134
-0.050325
-0.02059
0.004166
-0.008262
-0.011995
-0.015905
-0.020163
-0.059855
0.010727
-0.011149
-0.033211
0.014706
0.00594
-0.003942
0.004561
0.027072
0.001158
0.024671
-0.006755
-0.015801
-0.022532
-0.039854
0.013808
0.026766
-0.003521
-0.001512
0.019728
-0.01942
0.017889
-0.018527
-0.017977
0.028932
0.005262
0.001462
-0.026394
-0.034104
0.008473
-0.040856
0.012785
0.003882
0.006494
-0.020355
-0.052089
0.018029
-0.047418
-0.015528
0.008205
-0.005903
-0.016693
0.014684
0.03315
0.014804
0.045914
0.021125
0.001848
-0.007437
-0.013261
0.013287
0.002658
-0.008432
-0.008478
-0.003412
0.017958
-0.014977
-0.041974
-0.04925
0.020097
-0.0132
-0.003343
-0.022285
-0.010096
0.016285
0.017233
0.008054
0.003937
-0.001294
-0.010802
-0.051713
-0.008512
0.023502
-0.003823
-0.014103
-0.04537
0.016418
-5.52E-4
0.002896
0.003722
-0.010301
0.015004
0.00813
0.001091
0.008728
0.013994
-0.041589
-0.035375
-0.058889
0.004507
-0.059086
-0.029184
0.002098
-0.054849
-0.055125
-0.056579
0.019762
0.018043
-0.051279
-0.05402
-0.053287
0.007957
0.025609
0.003076
0.013766
0.007541
-0.045998
0.028401
0.026359
0.010732
0.02413
0.024081
-0.027497
0.048918
-0.048862
-0.013903
0.033923
-4.02E-4
0.010654
0.010596
-0.010422
-0.045404
-0.049902
0.028653
0.015365
0.006344
0.024993
-0.025232
0.026769
0.004373
0.011906
-0.05767
-0.007395
0.029598
-0.00114
0.030613
-0.012344
0.003344
-0.02393
0.008132
0.010926
0.001881
0.015235
0.005226
-0.00593
-0.00462
-0.021197
-0.025437
-0.045931
0.050496
-0.003611
-0.052725
0.019242
0.033854
0.019307
-0.018563
-0.042337
-0.038467
-0.015143
-0.004055
-0.012814
0.008179
0.029578
0.025005
0.012615
0.022388
0.050924
0.025958
0.019301
0.010192
0.0098
0.025328
0.001152
-0.014552
0.015886
0.024112
0.03701
0.003704
0.025698
0.031085
0.038309
0.010323
0.01294
-0.004757
0.023076
-0.003665
-0.018103
0.016106
-0.038155
0.022434
-0.006968
0.008542
0.013426
0.029853
2.01E-4
0.007735
0.02066
-0.001082
0.015898
0.02071
0.047428
-0.038012
0.011326
0.025867
0.008939
0.003571
0.002335
-0.015522
0.040694
0.015123
-0.01431
-0.015049
-0.01451
-0.032305
0.025179
0.014361
0.016254
0.026629
0.013474
0.020696
-0.001243
-0.026799
0.020017
0.044599
0.01488
0.024167
-1.7E-5
0.035212
0.006716
0.005454
0.032469
0.047395
-0.011601
-0.026149
0.028518
0.034953
0.029777
0.020323
0.02242
0.003861
0.001
-0.010451
0.01932
0.023068
0.049016
0.002052
0.045804
0.017936
-0.01244
-0.028121
0.027216
0.01911
0.016247
0.018123
0.006356
0.005798
-0.052157
-0.055476
-0.006573
0.029706
-0.008849
-0.031136
0.025546
0.021326
0.018629
0.018752
0.002221
0.010791
0.015792
0.007502
0.010419
0.011946
-0.022931
0.019693
0.018519
0.004656
0.009851
-0.008287
0.022236
0.022483
0.038444
0.018281
0.010288
0.004323
-0.009127
0.008923
0.012289
0.028423
0.034584
0.042973
0.04444
0.042928
0.043226
0.013735
0.024743
0.029458
0.037772
0.045618
0.046907
0.042177
0.050327
0.051911
0.053717
0.054177
-0.020661
0.003883
0.018077
0.020174
0.020491
0.026519
0.032313
0.037571
0.04608
-0.024266
-0.022295
0.003976
0.004303
0.00604
0.008228
0.019196
0.049016
0.003073
0.013075
0.022525
0.037084
0.048319
0.053354
0.03909
0.006916
0.042646
-0.030282
0.006514
0.010685
0.040242
0.035825
0.04605
0.049834
0.044379
0.044636
-0.01634
0.01465
0.051816
0.032506
0.009044
0.011882
0.04603
0.044538
0.007207
0.003017
0.033917
0.040426
-0.030008
0.038563
0.007379
0.037265
-0.010157
0.029497
0.051523
0.006781
0.03162
0.035993
0.024251
0.037514
0.047504
0.022635
0.046358
0.049373
-0.013588
0.009698
0.04603
0.039996
0.042358
0.005669
0.043603
0.035602
0.010976
0.014302
-0.010894
0.03277
0.037637
0.025907
0.048907
2.77E-4
0.015026
0.021933
-0.004604
0.046715
0.037094
0.030479
-0.022645
0.016737
0.03675
0.041601
0.043781
0.015327
0.020205
0.042644
0.024875
0.051577
0.039058
0.020045
0.022052
0.02597
0.033447
0.048916
0.02848
-0.029214
0.029671
-0.040572
0.022278
0.030461
0.025763
0.030397
0.031768
0.042132
0.044627
0.052856
0.052253
0.026471
0.049804
-0.050244
0.044544
0.032703
0.043844
0.030304
0.045781
0.038005
0.051114
0.036405
-0.006094
0.048612
0.053975
0.027864
0.042613
-0.00505
-0.02028
0.045074
0.045273
-0.002827
0.050888
0.052326
0.034846
0.050912
0.008404
-0.007618
-0.014534
-0.02239
-0.034125
0.043996
0.049423
0.050224
0.047733
0.054405
-0.021752
0.049022
-0.012673
0.045483
0.046727
-0.004666
0.050975
0.053139
0.048813
0.046582
-0.008067
0.054699
0.05219
-0.007681
-0.016665
0.048561
0.055308
0.033344
0.022983
0.041417
-0.021237
-0.019971
0.041872
0.053003
0.052559
0.046587
0.041689
0.043164
0.044235
-0.02334
-0.022481
0.02551
0.023717
-0.048901
-0.006684
-0.021651
-0.016879
-0.002623
0.044258
0.021193
0.024939
0.029347
-0.036929
-0.055845
-0.049849
-0.02647
4.51E-4
0.026858
-0.025198
0.001823
0.014637
-0.025269
-0.019942
-0.012249
-0.001234
0.019361
0.033911
-0.001269
0.002312
-0.008151
0.018339
0.028201
0.019311
-0.037905
-0.023491
-0.018505
0.020542
0.024318
0.025667
0.032293
-0.034799
-0.02255
0.005803
-0.023495
-0.022254
-0.016778
0.040159
-0.002916
-0.003072
0.002279
0.005083
0.007891
0.017399
0.029046
0.032955
0.036483
-8.02E-4
0.041763
-0.006754
0.017654
0.020605
0.036306
-0.049612
-0.021108
-0.040501
0.018978
0.025166
0.029135
0.033059
0.034491
-0.023724
-0.019168
0.00189
0.024713
-0.004318
-0.030904
-1.77E-4
-0.008567
-0.018927
-0.016991
-0.018814
-0.025693
-0.04012
-0.019679
-0.013194
0.007735
0.021447
0.026989
-0.047882
-0.058526
-0.021139
-0.004958
5.67E-4
0.00619
0.010658
-0.027772
-0.015672
0.001694
0.005993
0.010546
0.011003
-0.040584
-0.03117
-0.021417
-0.012179
0.01485
-0.037976
0.031831
-0.044223
-0.006899
-0.026104
-0.017803
-0.021143
-0.043716
-0.045456
-0.015858
-0.029309
-0.00275
-0.022461
0.014629
-0.060656
-0.014076
-0.004546
-0.019506
-0.054863
-0.030628
-0.024158
-0.015192
-0.017031
0.013129
-0.009624
-0.006497
0.037428
-0.006626
-0.014359
-0.027622
0.030262
-0.024488
-0.019171
-0.029747
-0.010586
0.003342
-0.02824
-0.022421
-0.018366
-0.013888
-3.06E-4
0.001535
-0.023809
0.003016
-0.002095
-0.053379
0.038939
-4.85E-4
-0.030289
-0.027611
-2.62E-4
-0.021667
-0.008765
0.003967
-0.037937
-0.048258
-0.024503
-0.022573
-0.005135
-0.003081
-6.25E-4
-0.006333
-0.043261
-0.045628
-0.015534
-0.032874
-0.028431
-0.008929
-0.020633
-0.006189
-0.031196
0.006651
-0.018904
9.52E-4
-0.020016
-0.004296
-0.027984
-0.053259
0.00889
-0.018811
7.26E-4
-0.003475
-0.00208
4.91E-4
0.007299
0.011598
0.015936
0.019559
0.010228
0.007027
-0.047253
0.021331
-0.043788
-0.02594
-0.033675
-0.02403
0.007318
-0.008391
0.004063
-0.022537
-0.022126
0.002962
0.054042
-0.009182
0.020906
-0.031166
-0.028771
-0.02723
-0.022408
0.003836
0.01605
-0.02012
-0.013164
-0.040829
-0.025952
-0.025293
-0.012419
-0.006458
-0.001805
0.008747
0.013904
0.022741
0.029906
-0.004107
9.11E-4
-0.01977
-0.032854
-0.042984
-0.032159
-0.021227
-0.061688
-0.00475
0.002781
0.012032
-5.98E-4
-0.019194
-0.024918
-0.009504
0.006289
0.011066
0.022419
0.026219
0.0264
0.031554
-0.002441
-0.019268
0.015355
0.04084
-0.020272
0.022339
-0.051224
-0.016356
-0.020061
0.012023
0.018814
0.018849
0.033521
-0.006842
0.007398
-0.029321
-0.014412
-0.011895
-0.002304
0.002022
0.005066
0.008869
0.016199
0.013617
-0.021749
0.019542
0.00257
-0.031509
-0.010703
-0.004942
0.010002
-0.015466
-0.029888
-0.060107
-0.039425
0.01366
-9.4E-5
0.004599
0.0241
-0.021616
-0.034819
-0.001201
-0.049858
-0.007943
-0.031875
-0.026711
-0.015013
-0.008048
0.002152
0.002388
0.026701
0.03026
-0.011147
-0.002209
-0.019326
-0.0153
-0.027249
5.58E-4
-9.4E-4
-0.006217
0.047922
-0.016348
-0.018202
-0.017469
-0.022994
0.051289
-0.019873
-0.015502
-0.017258
0.005898
-0.015272
-0.016451
-0.0236
-0.00958
0.001723
-0.026845
-0.012996
-0.024425
0.001059
-0.014543
0.001498
-0.016355
-0.061961
-0.018675
-0.006816
-0.027486
-0.017219
-0.0202
-0.006207
-0.010151
0.003992
0.00284
-0.010538
-0.029275
-0.005377
-0.02965
-0.023937
0.00297
7.61E-4
-0.018104
-0.021124
-0.028112
-0.018941
-9.78E-4
-0.015461
-0.017363
-0.021625
0.004973
-1.83E-4
-0.022404
0.009855
-0.023108
-0.005612
-0.017369
-0.026233
-0.012338
-0.002125
-0.00205
-0.023504
-0.010014
-0.009821
-0.011581
-0.024116
-0.010323
-0.016224
-0.024184
-0.026617
-0.015772
-0.014948
-0.019403
-0.016685
-0.012878
-0.028247
-0.021238
-0.014178
-0.006007
-0.007984
-0.025153
-0.006079
-0.00155
-0.016019
-0.0239
0.014801
-0.031411
-0.034643
-0.031152
-0.030639
-0.019807
-0.014148
-0.060112
-0.030462
-0.019614
-0.003067
-0.032067
-0.004222
-0.006515
0.003994
-0.03851
-0.029165
-0.007978
-0.014622
-0.005176
0.003827
-0.029139
-0.018961
-0.023863
-3.92E-4
-0.011929
-0.022299
-0.012638
-0.025593
0.026621
-0.004211
0.051507
-0.013089
-0.033071
-0.007462
-0.015699
-0.030107
-0.027072
-0.030044
-0.013851
0.001175
0.002107
-0.016465
-0.002948
-0.013828
-0.012322
-0.01832
-0.011347
-0.025496
-0.022511
-0.01677
-0.018098
-0.011238
-0.031312
-0.005332
-0.006179
-0.02342
-0.035002
-0.035805
-0.024604
-0.027311
0.036581
-0.017954
-0.027676
-0.014142
-5.05E-4
-0.020209
-0.023613
-0.022371
0.003256
2.08E-4
0.001056
-0.008416
-0.030341
-0.018377
-0.036468
-0.011458
-0.0088
-0.058145
-0.00374
7.52E-4
6.25E-4
-0.022294
-0.016049
-0.021672
-0.01043
-0.03107
-0.037939
-0.001003
-0.018429
-0.016902
0.005405
-0.003246
-0.02034
-0.009536
-0.015099
-0.010644
-0.036478
-0.011518
-0.031238
-0.028
-0.022334
-0.007236
-0.004747
-0.024333
-0.006231
-0.005951
-0.005117
-0.060712
-5.87E-4
-0.014423
-0.023315
-0.003716
-0.001694
-0.003953
-0.001777
-0.013832
0.048448
-0.003399
-0.0061
-0.002252
8.26E-4
-0.002257
-0.00573
-0.020734
-0.021236
-0.024398
-0.024676
-0.025969
-0.021421
-0.028902
0.049285
-0.023601
-0.023943
-0.025519
-0.019292
-0.021591
0.049342
-0.021897
-0.025132
-0.016224
-0.013292
-0.007654
-0.006908
-0.005947
-0.003987
-0.001913
-0.022997
-0.024308
-0.025918
-0.029175
-0.006468
-0.008792
-0.004054
-0.001027
-8.96E-4
-0.026578
0.025502
-0.007664
-0.012597
-0.023344
-0.024328
-0.025498
-0.026045
-0.028786
-0.018108
0.045071
-0.022324
-0.005619
2.55E-4
-0.002679
-0.004437
-0.011704
-0.008774
-0.002079
-0.017477
-0.004416
0.050381
-0.022159
-0.024655
-0.028294
-0.02934
-0.026733
-0.027621
-0.028439
-0.026237
-0.010916
-0.023953
4.85E-4
-0.003677
-0.006068
-0.003106
-0.006701
-0.018223
-0.020275
-0.025586
-0.024991
-0.029357
-0.028158
-0.060886
0.046769
-0.027392
-0.011163
0.012032
-0.003425
-0.020103
-0.021176
-0.023499
-0.025085
-0.027636
-0.028716
-0.030555
-0.023276
-0.027156
-0.030784
0.042492
-0.011205
-0.005607
-0.006039
-0.005979
-0.007788
-0.026888
-0.031592
-0.029412
-0.027647
-0.020028
-0.012876
-0.011039
-0.01109
-0.009112
-0.021232
-0.003745
-0.006437
-0.00751
-0.023242
-0.025591
-0.033616
-0.054531
-0.010569
-0.006305
-0.006922
0.041225
-0.021136
-0.030646
-0.029406
-0.030479
-0.031799
-0.010605
-0.00915
-0.006652
-0.016333
-0.02664
-0.029344
-0.030819
-0.03225
-0.034234
-0.031827
-0.010453
-0.005688
-0.005227
-0.044116
-0.028294
-0.032056
-0.011526
-0.008359
-0.015841
-0.028246
-0.032368
-0.033176
-0.035398
-0.010325
-0.010603
-0.006247
-0.002641
-0.006772
-0.004885
-0.025038
-0.029597
-0.030764
-0.033476
-0.01456
-0.011086
-0.007021
-0.022318
-0.034422
-0.035307
-0.035872
-0.036208
-0.016982
-0.012603
-0.011929
-0.022162
-0.013001
-0.019332
-0.008906
-0.021771
-0.025983
-0.034422
-0.035032
-0.011486
-0.012573
-0.0112
-0.004801
-0.001694
-0.005727
-0.003382
-0.019185
-0.007799
-0.030774
-0.031483
-0.032699
-0.037611
-0.036391
-0.059211
-0.013921
-0.008936
-0.00845
-0.006154
-0.002636
0.035796
-0.023731
-0.029236
-0.030184
0.035828
-0.011342
-0.017572
-0.010955
-0.02687
-0.010046
-0.016134
-0.022956
-0.027174
-0.028655
-0.031307
-0.032599
-0.033959
-0.035971
-0.035294
-0.034704
-0.014811
-0.01563
-0.014312
-0.009411
-0.008278
0.03161
-0.029455
-0.015587
-0.011412
-0.033747
-0.007908
-0.017788
-0.014364
-0.012083
-0.019965
-0.01408
0.040418
-0.006733
0.015478
-0.025069
-0.036545
-0.017763
-0.014111
-0.011337
-0.007633
-0.006134
-0.004458
0.016007
0.05286
-0.03083
-0.037908
-0.038184
-0.017194
-0.016632
-0.014289
-0.009788
-0.01464
0.023087
-0.032223
-0.037642
-0.038284
-0.039018
-0.036802
-0.058202
-0.017836
-0.015615
-0.015629
-0.013868
-0.009224
-0.007786
-0.006563
-0.025933
-0.027466
-0.030877
-0.035051
-0.035129
-0.03586
-0.015659
-0.007325
-0.023296
-0.020136
-0.02631
-0.029568
-0.033915
-0.038979
-0.01809
-0.017528
-0.011156
-0.014496
-0.005078
-0.031407
-0.038412
-0.036769
0.013415
-0.018976
-0.017068
-0.018001
-0.016021
-0.010626
-0.023516
-0.007275
-0.034091
-0.039415
-0.039114
-0.019634
-0.018177
-0.019326
-0.019332
-0.019158
-0.006168
-0.006799
-0.00886
-0.032593
-0.036118
-0.037871
-0.03793
-0.020419
-0.019726
-0.018815
-0.029342
-0.030882
-0.037308
-0.021685
-0.020109
-0.021563
-0.021505
-0.019427
-0.01719
-0.013114
-0.059358
-0.018109
-0.033533
-0.057011
-0.015662
-0.007674
-0.013252
-0.001637
-0.018355
-0.024837
-0.028482
-0.038786
-0.037909
-0.022417
-0.022031
-0.021085
-0.019425
-0.001816
-0.022996
-0.001686
-0.003407
-0.03069
-0.034096
-0.004111
-0.035774
-0.007174
-0.024374
-0.021446
-0.021331
-0.018917
-0.009439
0.01967
-0.023922
-0.035929
-0.025584
-0.021538
-0.030109
-0.029307
-0.029546
-0.02637
-0.024855
-0.023618
-0.021875
-0.018597
-0.023056
-0.02628
-0.027842
-0.021334
-0.021556
-0.020513
-0.01849
-0.017539
-0.014333
-0.025378
-0.021347
-0.022194
-0.0194
-0.014319
-0.021626
-0.019988
-0.017936
-0.015846
-0.011779
-0.020119
-0.01702
-0.012146
-0.006353
-0.019155
-0.01787
-0.016052
-0.013929
-0.01417
-0.007304
-0.017896
-0.017836
-0.017913
-0.016631
-0.01385
-0.010904
-0.016757
-0.016144
-0.016076
-0.014676
-0.010549
-0.008295
-0.00656
-0.003987
-0.014376
-0.015033
-0.014046
-0.010802
-0.008371
-0.011535
1.1E-4
-0.00152
-0.012861
-0.015867
-0.010052
-0.006178
-0.002859
0.001547
0.001521
1.71E-4
-0.033731
-0.00113
-0.011684
-0.01152
-0.012655
0.03831
-0.010327
-0.01163
-0.005389
-0.009245
-0.010318
-0.008061
0.001062
0.0032
0.001921
0.003636
0.00332
0.006048
0.003583
-0.00828
-0.008878
-0.009331
-0.006492
-0.005137
0.005895
0.006612
0.004217
-0.007483
-0.002372
-1.94E-4
0.003538
0.005143
0.009636
0.010988
0.045635
-0.003386
-0.001749
-0.005458
-0.003254
-0.002273
-9.63E-4
6.61E-4
0.006568
0.005065
0.01063
0.010541
3.02E-4
0.002106
0.0032
0.014023
0.010649
0.014659
0.011727
-0.002294
-1.34E-4
0.003097
-0.001589
-3.33E-4
0.006938
0.006129
0.005408
0.009933
0.008901
0.011152
-0.003716
0.005871
0.006545
0.002793
0.004843
0.014017
-0.001794
0.004279
0.007636
0.014032
0.013647
0.018024
0.037585
0.002334
0.008598
0.006195
0.010853
0.009638
0.013125
0.017435
0.017188
3.64E-4
0.005994
0.001176
0.007981
0.006823
0.010928
0.014938
0.01968
0.016767
0.018179
0.022047
0.018796
0.022405
0.01979
0.001156
0.009652
0.00794
0.010573
0.016456
0.020312
0.021565
0.020307
0.012994
0.016066
0.013905
0.015011
0.02054
0.024393
0.020886
0.005824
0.011078
0.017917
0.0195
0.024463
0.008394
0.010299
0.011711
0.01473
0.019755
0.021945
0.022249
0.024562
0.027861
0.021567
0.015264
0.021147
0.017421
0.015753
0.029158
0.027456
0.029163
0.02417
0.018333
0.035151
0.015297
0.01884
0.019088
0.019586
0.028919
0.027565
0.029293
0.036986
0.020672
0.022126
0.022189
0.024849
0.031368
0.034765
0.029744
0.018548
0.020876
0.02404
0.024196
0.026792
0.022789
0.029141
0.028551
0.030079
0.031736
0.043253
0.03456
0.021395
0.018689
0.027079
0.02334
0.02989
0.030788
0.032889
0.033379
0.033301
-0.023742
0.037599
0.026925
0.027933
0.027583
0.033341
0.03632
0.039023
0.027057
-3.31E-4
0.022704
0.025181
0.02603
0.027871
0.026867
0.030973
0.028441
0.033711
-0.026645
0.001538
0.03994
0.024288
0.029543
0.037931
0.041373
0.046167
0.039636
-0.035327
0.038213
0.032182
0.003318
0.026323
0.032875
0.032439
0.03709
0.035019
0.039874
0.039923
0.040147
0.041857
0.001967
-0.031495
0.031936
0.028882
0.030379
0.035106
0.032371
0.041037
0.041972
0.044215
0.04301
0.043638
0.046954
0.047094
0.034516
0.048342
0.041172
0.029807
0.036276
0.036235
0.038681
0.042194
0.044499
0.044833
0.027491
0.032085
0.028896
0.00867
0.011584
0.029058
0.036485
0.035671
0.035456
0.043393
0.044766
0.045719
0.044901
0.045961
0.050642
0.003841
0.009781
0.016915
0.033134
0.040014
0.03978
0.038613
0.0398
0.04695
0.046693
0.046717
0.023049
0.043448
0.030299
0.005749
0.009196
0.036661
0.041207
0.043474
