0
373
556
558
979
984
1278
1850
2035
1
18
207
414
428
429
2
320
434
467
3
330
657
675
706
719
852
4
376
865
893
906
915
5
952
975
1049
1062
1073
1664
6
26
54
251
315
1027
7
8
271
1095
1173
1185
1495
7
8
1185
1335
1495
9
11
185
192
208
217
415
429
10
121
202
300
341
407
9
11
370
371
396
415
429
12
13
25
230
434
467
12
13
25
77
194
272
391
434
14
1053
1231
1578
1592
1605
1617
15
21
39
40
449
465
1132
16
78
231
254
786
1067
1106
17
210
262
272
320
574
1066
1094
1
18
207
228
428
19
28
58
59
451
457
20
130
851
923
1829
1830
15
21
39
1132
1163
1167
22
28
59
60
451
1133
1146
1180
23
24
36
44
45
441
447
23
24
45
441
448
468
487
2511
12
13
25
77
230
646
937
6
26
54
185
208
250
315
431
1048
27
148
572
578
945
1112
1113
19
22
28
59
451
29
705
797
858
877
1010
1042
2425
30
31
1135
1160
1170
30
31
32
41
61
62
446
1160
1170
31
32
33
41
42
446
452
32
33
34
42
49
452
453
33
34
35
43
49
50
453
34
35
36
43
51
453
23
35
36
44
51
447
453
37
261
427
629
711
715
716
38
938
976
986
998
1572
1592
15
21
39
40
57
511
1167
15
39
40
46
57
68
457
465
31
32
41
42
47
62
32
33
41
42
47
48
49
34
35
43
50
51
63
81
23
36
44
45
51
64
23
24
44
45
52
64
65
487
40
46
57
68
1194
41
42
47
48
62
73
42
47
48
49
73
79
80
33
34
42
48
49
50
80
34
43
49
50
80
81
35
36
43
44
51
63
64
45
52
65
74
487
492
53
310
338
407
670
6
26
54
171
208
217
251
55
66
67
75
2387
2405
2423
56
93
129
171
425
430
39
40
46
57
511
1194
1386
19
58
59
68
95
457
19
22
28
58
59
60
69
95
22
59
60
69
96
1180
1196
1204
31
61
62
71
72
1170
1197
31
41
47
61
62
72
73
43
51
63
64
81
82
86
44
45
51
63
64
65
82
45
52
64
65
74
82
92
55
66
75
461
462
520
2387
2404
55
67
75
94
116
510
2423
40
46
58
68
95
457
1194
1225
59
60
69
95
96
103
131
70
139
260
388
1088
1103
1104
1115
61
71
72
1197
1205
1213
1226
61
62
71
72
73
1226
1227
47
48
62
72
73
79
1227
1238
52
65
74
92
492
531
55
66
67
75
116
520
76
315
1005
1027
1085
13
25
77
391
937
16
78
231
783
784
786
828
914
48
73
79
80
1232
1238
1250
48
49
50
79
80
81
85
1232
43
50
63
80
81
85
86
98
63
64
65
82
86
92
99
83
475
694
950
957
1059
1084
84
330
349
466
719
954
80
81
85
98
105
1232
63
81
82
86
91
98
99
114
87
229
341
1175
1251
88
153
242
328
594
1038
1039
1827
89
475
564
694
717
1014
90
96
109
110
1196
1213
1221
86
91
98
113
114
127
65
74
82
92
99
107
115
531
550
56
93
129
218
416
417
425
593
67
94
116
117
502
510
523
554
58
59
68
69
95
102
131
1225
60
69
90
96
103
109
1196
97
794
897
994
1092
1118
1610
2163
81
85
86
91
98
105
106
113
82
86
92
99
114
115
100
163
261
292
428
437
101
211
225
942
986
1013
95
102
131
1225
1237
1262
2461
69
96
103
109
131
132
104
591
709
770
868
949
981
1454
85
98
105
106
134
1232
98
105
106
113
126
134
92
107
531
543
550
108
181
312
375
1070
90
96
103
109
110
124
132
90
109
110
111
124
125
133
1221
110
111
133
159
1221
1226
1227
1249
112
357
365
372
925
990
2260
91
98
106
113
126
127
86
91
99
114
115
127
135
92
99
114
115
119
135
550
67
75
94
116
117
122
520
521
94
116
117
122
148
149
554
572
118
315
329
362
366
931
1085
1800
115
119
135
140
141
550
120
435
787
1009
1337
1382
1527
10
121
202
300
340
377
555
1285
116
117
122
521
562
572
123
426
432
593
673
718
1061
109
110
124
125
132
145
157
158
110
124
125
133
158
106
113
126
127
134
135
147
91
113
114
126
127
135
128
860
911
1272
1324
1624
1984
56
93
129
171
218
251
375
987
20
130
144
923
1032
1036
1105
1830
69
95
102
103
131
132
145
156
2461
103
109
124
131
132
145
110
111
125
133
158
159
105
106
126
134
146
147
151
1232
1250
114
115
119
126
127
135
140
147
152
136
744
787
860
863
974
1337
1359
137
229
338
1200
1251
1274
1302
138
269
1147
1612
2191
70
139
193
260
301
352
409
1104
119
135
140
141
152
162
184
201
119
140
141
201
550
561
567
575
142
1020
1420
1432
1479
1633
1637
1644
1884
143
351
792
2028
2064
2336
2474
130
144
362
1105
1800
1830
124
131
132
145
156
157
190
134
146
151
160
161
1250
1284
1311
126
134
135
147
151
152
168
169
183
27
117
148
149
572
945
117
148
149
554
560
945
150
282
323
887
905
949
2058
134
146
147
151
161
167
168
135
140
147
152
162
169
88
153
328
1655
1827
154
346
347
349
755
857
1440
1910
1939
2189
155
283
365
420
805
864
871
131
145
156
165
190
2461
124
145
157
158
175
190
196
215
124
125
133
157
158
159
175
111
133
158
159
166
175
1249
1291
1296
146
160
161
167
197
205
1299
1311
146
151
160
161
167
140
152
162
169
184
191
100
163
228
261
339
387
428
1001
164
1211
1997
2038
2063
2116
156
165
180
189
190
204
214
2461
159
166
175
196
1267
1296
1312
151
160
161
167
168
182
197
147
151
167
168
182
183
198
147
152
162
169
183
191
200
170
746
804
827
924
927
54
56
129
171
217
251
430
172
622
867
884
918
1060
173
323
591
597
709
872
949
174
280
282
389
784
809
890
157
158
159
166
175
196
176
269
862
1611
1704
1795
177
855
884
1008
1110
1243
178
1710
1720
1742
1766
1772
2179
179
180
189
195
213
222
2265
165
179
180
189
2265
2461
108
181
375
987
1005
1027
1051
1070
167
168
182
197
198
226
237
147
168
169
183
198
200
140
162
184
191
201
206
227
9
26
185
192
207
208
431
186
819
827
848
920
187
478
580
1045
1046
1066
1075
188
282
809
1297
1719
1728
1763
2058
165
179
180
189
213
214
145
156
157
165
190
204
215
162
169
184
191
200
206
239
9
185
192
207
429
139
193
260
301
439
1093
13
194
272
391
1094
1111
1321
179
195
212
222
2265
2336
2474
157
166
175
196
215
235
236
265
1267
160
167
182
197
205
216
237
168
182
183
198
199
200
226
198
199
200
226
238
239
169
183
191
198
199
200
239
140
141
184
201
227
575
617
636
10
121
202
407
555
682
203
212
221
255
1570
2064
2474
165
190
204
214
215
224
160
197
205
216
1286
1299
1310
184
191
206
227
239
259
650
1
18
185
192
207
228
429
431
941
9
26
54
185
208
217
209
267
291
398
1077
1116
1117
17
210
262
490
574
595
101
211
938
942
986
1049
1056
1062
195
203
212
221
222
223
264
275
2474
179
189
213
214
222
223
233
165
189
204
213
214
224
233
256
157
190
196
204
215
224
234
235
197
205
216
237
245
1286
1303
9
54
171
208
217
403
415
430
93
129
218
375
593
219
353
456
913
951
1749
220
340
390
1013
1184
1256
203
212
221
255
275
179
195
212
213
222
223
212
213
222
223
233
244
264
285
204
214
215
224
234
256
101
225
986
1013
1256
1572
182
198
199
226
237
238
247
258
184
201
206
227
636
650
18
163
207
228
339
428
941
87
137
229
338
341
407
1251
12
25
230
467
573
643
646
684
16
78
231
252
254
350
914
1024
232
930
1018
1032
1105
1108
213
214
223
233
244
256
215
224
234
235
256
257
276
277
196
215
234
235
257
265
196
236
265
1207
1215
1267
1312
182
197
216
226
237
245
246
258
199
226
238
239
247
248
191
199
200
206
238
239
248
259
240
330
373
558
657
815
979
241
270
615
624
659
778
88
242
433
458
594
885
1827
243
930
1032
1036
1052
1072
1087
223
233
244
256
285
216
237
245
246
1298
1303
237
245
246
258
308
1298
226
238
247
248
258
287
288
238
239
247
248
259
278
288
299
249
459
925
1454
2260
2453
2476
26
250
315
931
1048
1108
6
54
129
171
251
987
1027
231
252
253
914
1019
1024
252
253
975
1019
1024
1054
1292
16
231
254
271
350
1055
1106
203
221
255
263
273
274
275
1570
214
224
233
234
244
256
276
285
296
234
235
257
265
277
286
297
1207
226
237
246
247
258
287
308
316
206
239
248
259
278
309
650
688
70
139
193
260
388
439
514
700
37
100
163
261
292
387
427
715
1012
17
210
262
490
1066
1075
255
263
273
1233
1313
1570
212
223
264
275
285
290
295
196
235
236
257
265
1207
266
329
1109
1778
1779
1801
1832
209
267
291
366
1109
1117
1790
268
281
619
627
651
652
677
691
138
176
269
1147
1611
1612
1704
241
270
289
376
624
699
720
778
795
7
254
271
350
1055
1083
1095
1173
13
17
194
272
320
434
1094
255
263
273
274
303
304
1313
255
273
274
275
284
304
212
221
255
264
274
275
284
290
234
256
276
277
286
296
305
332
234
257
276
277
286
248
259
278
299
309
318
279
359
646
937
939
1206
174
280
282
770
890
949
268
281
326
327
651
690
691
150
174
188
280
282
809
949
2058
155
283
420
871
892
904
274
275
284
290
294
304
223
244
256
264
285
295
296
257
276
277
286
297
305
314
247
258
287
288
316
247
248
287
288
299
316
270
289
458
624
795
264
275
284
290
294
295
209
267
291
366
1005
1077
1085
100
261
292
413
424
427
437
293
347
528
613
693
854
992
284
290
294
295
304
313
321
264
285
290
294
295
296
313
331
256
276
285
295
296
331
332
257
286
297
298
314
333
1207
297
298
306
307
333
1207
1276
1283
248
278
288
299
316
317
318
336
10
121
300
341
1175
1285
139
193
301
409
1068
1093
302
1054
1062
1073
1100
1219
1557
273
303
304
354
1248
1306
1313
273
274
284
294
303
304
321
354
276
286
305
314
332
344
381
394
298
306
307
333
298
306
307
322
333
334
1199
1270
1283
246
258
308
316
983
1265
1298
259
278
309
318
319
325
337
688
53
310
338
570
670
1274
1740
311
634
635
694
708
714
957
108
312
375
593
1061
1068
1070
294
295
313
321
331
360
378
379
286
297
305
314
333
344
383
6
26
76
118
250
315
931
1027
1085
258
287
288
299
308
316
317
324
983
299
316
317
324
336
947
1000
1078
278
299
309
318
325
336
309
319
337
348
688
689
690
2
17
272
320
434
467
574
294
304
313
321
354
378
393
307
322
334
355
1270
150
173
323
872
887
949
1535
316
317
324
947
983
309
318
325
336
337
1000
1034
281
326
327
348
374
690
281
326
327
374
506
681
691
712
88
153
328
1039
1655
1705
118
266
329
366
1109
1778
1800
3
84
240
330
373
466
657
719
295
296
313
331
332
343
360
276
296
305
331
332
343
381
297
298
306
307
314
333
334
383
307
322
333
334
355
383
335
765
849
853
859
898
900
943
299
317
318
325
336
1000
309
319
325
337
348
364
1034
53
137
229
310
338
407
1274
163
228
339
941
997
1001
1018
121
220
340
377
390
1114
1184
1285
10
87
229
300
341
407
1175
342
354
367
368
421
1161
1248
331
332
343
360
379
380
381
423
305
314
344
382
383
394
401
345
356
395
1171
1270
1271
154
346
347
644
663
763
776
1910
154
293
346
347
644
854
857
992
319
326
337
348
364
374
690
84
154
349
466
755
857
954
992
231
254
271
350
1024
1173
143
351
792
1453
2085
2336
2412
2413
139
352
398
409
960
1104
1116
219
353
456
698
766
841
900
913
303
304
321
342
354
368
393
1248
322
334
355
356
369
383
1270
345
355
356
369
395
402
1270
112
357
990
1381
1969
2260
2462
2476
358
361
947
1172
1257
279
359
527
614
646
939
313
331
343
360
379
358
361
396
403
415
524
585
947
1257
118
144
362
931
1105
1108
1800
363
364
386
404
416
1034
1057
337
348
363
364
374
404
405
1034
112
155
365
372
864
871
909
921
990
118
267
291
329
366
1085
1109
342
367
392
421
1158
1161
1275
342
354
368
393
421
505
355
356
369
383
401
402
414
11
370
371
384
395
429
1171
11
370
371
384
396
1257
112
365
372
721
762
783
861
921
925
0
240
330
373
466
558
1850
1989
326
327
348
364
374
405
426
432
681
108
129
181
218
312
375
593
987
4
270
376
661
699
795
865
906
121
340
377
555
1014
1114
313
321
378
379
393
412
313
343
360
378
379
380
412
343
379
380
412
422
423
305
332
343
381
394
400
423
344
382
394
401
413
314
333
334
344
355
369
383
401
370
371
384
1171
1172
1257
385
498
805
834
869
363
386
397
416
425
522
1057
163
261
387
1001
1012
1072
70
260
388
615
700
1115
174
389
784
809
914
1019
1683
220
340
390
942
969
1013
1069
1114
13
77
194
391
937
1216
1321
1439
367
392
410
421
1275
2406
2463
2489
321
354
368
378
393
411
412
436
505
305
344
381
382
394
400
413
345
356
370
395
402
429
1171
11
361
371
396
415
1257
386
397
403
425
430
522
209
352
398
960
1051
1070
1077
1116
399
1111
1321
1447
1595
2116
381
394
400
413
423
424
344
369
382
383
401
413
414
437
356
369
395
402
414
429
217
361
397
403
415
430
522
524
363
364
404
405
416
417
418
364
374
404
405
418
432
406
426
506
596
649
681
10
53
202
229
338
341
407
670
682
713
408
419
436
515
640
662
697
716
139
301
352
409
960
1068
392
410
421
654
2463
2512
393
411
436
505
640
654
676
378
379
380
393
412
422
436
292
382
394
400
401
413
424
437
1
369
401
402
414
428
429
437
9
11
217
361
396
403
415
93
363
386
404
416
417
425
93
404
416
417
418
593
404
405
417
418
432
593
408
419
422
427
436
716
155
283
420
498
805
904
1946
342
367
368
392
410
421
505
654
380
412
419
422
423
427
436
343
380
381
400
422
423
424
427
292
400
413
423
424
427
56
93
386
397
416
425
430
123
374
406
426
432
649
681
718
37
261
292
419
422
423
424
427
716
1
18
100
163
228
414
428
437
1
9
11
192
207
370
395
402
414
429
56
171
217
397
403
425
430
26
185
207
431
936
941
1048
123
374
405
418
426
432
593
242
433
504
508
820
885
886
1827
2
12
13
272
320
434
467
120
435
797
858
1009
1382
2525
393
408
411
412
419
422
436
640
100
292
401
413
414
428
437
438
1676
1685
1758
1992
2107
193
260
439
482
514
704
1064
1093
440
447
453
1253
1826
1840
2523
23
24
441
447
2510
2511
2523
442
443
454
469
739
2442
2459
442
443
448
469
2459
2473
2485
2498
2511
444
630
1417
1494
1512
1593
1597
445
449
450
457
465
1124
1315
1325
1909
31
32
446
452
1136
1137
1160
1525
23
36
440
441
447
453
2523
24
443
448
468
469
488
2511
15
445
449
465
1132
1909
445
450
451
457
1315
19
22
28
450
451
457
1133
1315
32
33
446
452
453
1253
1261
1525
2076
33
34
35
36
440
447
452
453
1253
442
454
469
470
480
739
455
463
1148
1280
1287
1845
219
353
456
471
556
766
951
984
19
40
58
68
445
450
451
457
465
242
289
458
594
624
696
795
865
885
249
459
591
597
1454
2435
2453
460
467
490
537
565
573
595
631
66
461
462
470
494
520
740
66
461
462
740
2404
2411
455
463
1148
1223
1287
1435
1474
1523
1838
464
616
670
695
710
15
40
445
449
457
465
84
330
349
373
466
755
1989
2
12
230
320
434
460
467
573
574
595
24
448
468
487
488
442
443
448
454
469
480
488
493
454
461
470
480
494
501
739
740
456
471
556
747
766
815
979
472
495
502
503
751
2373
2396
2405
473
481
486
666
671
693
703
896
474
641
714
782
957
1096
83
89
475
694
950
1014
476
867
971
977
1028
1060
477
611
634
635
641
842
187
478
490
565
580
656
1075
479
514
596
645
649
669
778
454
469
470
480
493
500
501
473
481
486
525
648
671
439
482
673
704
718
1064
483
491
507
527
614
625
484
497
540
573
602
638
672
684
485
566
569
571
579
648
675
680
473
481
486
525
613
693
24
45
52
468
487
488
492
509
448
468
469
487
488
493
509
489
497
542
625
643
667
707
210
262
460
478
490
565
595
1075
483
491
507
513
610
614
683
698
52
74
487
492
509
531
469
480
488
493
499
500
509
461
470
494
501
519
520
472
495
502
510
2405
2423
496
530
548
633
674
686
697
484
489
497
542
643
672
684
385
420
498
805
834
1946
2091
2157
493
499
500
509
518
480
493
499
500
501
518
532
470
480
494
500
501
519
532
94
472
495
502
503
510
523
472
502
503
523
539
549
751
767
433
504
508
886
1462
1698
1744
368
393
411
421
505
654
327
406
506
568
596
601
681
712
483
491
507
512
625
683
433
504
508
1655
1656
1698
1827
487
488
492
493
499
509
517
518
531
67
94
495
502
510
2423
39
57
511
1167
1378
1386
507
512
625
667
683
701
707
821
491
513
610
614
958
1016
1101
260
439
479
514
649
700
704
778
408
515
536
633
662
697
516
899
1218
1446
1912
2066
2388
2529
509
517
518
531
543
544
499
500
509
517
518
532
544
546
551
494
501
519
520
532
533
534
538
66
75
116
461
494
519
520
521
538
116
122
520
521
538
552
562
386
397
403
522
524
585
1057
94
502
503
523
549
554
361
403
522
524
585
481
486
525
528
566
586
613
648
758
526
600
664
711
715
988
999
1033
359
483
527
614
625
646
293
525
528
613
758
992
529
553
611
635
665
674
708
496
530
600
632
664
674
697
74
92
107
492
509
517
531
543
500
501
518
519
532
533
541
551
519
532
533
534
541
547
519
533
534
538
547
559
535
645
669
678
679
699
720
515
536
626
633
662
686
695
710
460
537
573
631
638
671
519
520
521
534
538
552
559
503
539
549
767
796
811
484
540
573
684
532
533
541
547
551
583
584
590
489
497
542
581
623
667
672
107
517
531
543
544
550
561
567
517
518
543
544
545
546
567
576
588
544
545
546
551
583
588
518
544
545
546
551
533
534
541
547
559
584
496
548
553
674
685
686
710
503
523
539
549
554
560
811
92
107
115
119
141
543
550
561
518
532
541
545
546
551
583
521
538
552
559
562
577
621
529
548
553
665
674
685
687
94
117
149
523
549
554
560
121
202
377
555
682
702
717
1014
0
456
471
556
979
984
557
656
666
731
896
946
961
972
989
0
240
373
558
979
534
538
547
552
559
577
584
149
549
554
560
811
945
1071
1097
141
543
550
561
567
122
521
552
562
572
578
621
563
910
1029
1030
1569
1576
1577
1588
1604
89
564
655
694
708
717
460
478
490
565
631
656
703
485
525
566
571
586
648
141
543
544
561
567
575
576
506
568
596
601
645
485
569
579
602
638
648
671
310
570
626
639
670
695
1740
485
566
571
586
675
719
758
954
27
117
122
148
562
572
578
230
460
467
484
537
540
573
638
684
17
210
320
467
574
595
141
201
567
575
576
603
617
544
567
575
576
588
598
603
552
559
577
584
607
620
621
27
562
572
578
608
621
1113
485
569
579
602
623
680
187
478
580
656
989
1044
1045
542
581
623
667
701
706
852
582
626
639
640
662
676
541
545
551
583
588
589
590
599
605
541
547
559
577
584
590
606
607
361
522
524
585
947
1057
1078
525
566
571
586
758
587
663
741
776
1910
2054
544
545
576
583
588
598
604
605
612
583
589
599
605
628
541
583
584
590
599
606
104
173
459
591
597
709
1454
592
1190
1218
1509
1510
1533
1544
1565
2397
2443
2499
93
123
218
312
375
417
418
432
593
1061
88
242
458
594
624
1038
210
460
467
490
574
595
406
479
506
568
596
645
649
173
459
591
597
872
1497
2435
576
588
598
603
604
583
589
590
599
606
607
628
637
526
530
600
632
664
1033
1037
506
568
601
645
678
692
712
484
569
579
602
623
638
672
575
576
598
603
604
617
618
642
588
598
603
604
612
619
642
583
588
589
605
612
628
584
590
599
606
607
577
584
599
606
607
620
637
653
578
608
621
661
668
893
906
1113
609
1090
1091
1379
1468
491
513
610
698
765
878
900
958
477
529
611
632
635
674
842
588
604
605
612
619
627
628
293
486
525
528
613
693
359
483
491
513
527
614
939
1101
241
388
615
624
659
700
1115
464
616
670
682
685
687
710
713
201
575
603
617
618
636
603
617
618
636
642
651
658
268
604
612
619
627
642
651
577
607
620
621
653
668
679
552
562
577
578
608
620
621
668
172
622
866
918
1060
1074
1393
542
579
581
602
623
672
680
706
241
270
289
458
594
615
624
1038
1115
483
489
507
512
527
625
643
646
707
536
570
582
626
639
662
695
268
612
619
627
628
652
589
599
605
612
627
628
637
652
660
37
629
664
697
711
716
444
630
1470
1476
1494
1593
460
537
565
631
671
703
530
600
611
632
674
842
1037
496
515
536
633
686
697
311
477
634
635
641
714
311
477
529
611
634
635
708
201
227
617
618
636
650
658
599
607
628
637
653
660
678
692
484
537
569
573
602
638
671
570
582
626
639
647
676
1740
2512
408
411
436
582
640
662
676
474
477
634
641
714
782
842
603
604
618
619
642
651
230
489
497
625
643
646
684
346
347
644
763
854
479
535
568
596
601
645
669
678
25
230
279
359
527
625
643
646
937
639
647
1740
2490
2512
481
485
525
566
569
648
671
406
426
479
514
596
649
704
718
206
227
259
636
650
658
688
689
268
281
618
619
642
651
658
690
268
627
628
652
660
677
607
620
637
653
678
679
410
411
421
505
654
676
2512
564
655
665
687
702
708
717
478
557
565
580
656
666
703
989
3
240
330
657
815
852
618
636
650
651
658
689
690
241
615
659
700
778
628
637
652
660
677
692
376
608
661
668
699
906
408
515
536
582
626
640
662
346
587
663
776
1910
526
530
600
629
664
697
711
529
553
655
665
687
708
473
557
656
666
703
896
489
512
542
581
667
701
707
608
620
621
661
668
679
699
479
535
645
669
720
778
53
310
407
464
570
616
670
695
713
473
481
537
569
631
638
648
671
703
484
497
542
602
623
672
123
482
673
718
1061
1064
496
529
530
548
553
611
632
674
3
485
571
675
680
706
719
411
582
639
640
654
676
2512
268
652
660
677
691
692
712
535
601
637
645
653
678
679
692
535
620
653
668
678
679
699
485
579
623
675
680
706
327
374
406
426
506
681
202
407
555
616
682
687
702
713
491
507
512
683
698
821
230
484
497
540
573
643
684
548
553
616
685
687
710
496
536
548
633
686
710
553
616
655
665
682
685
687
702
259
309
319
650
688
689
319
650
658
688
689
690
281
319
326
348
651
658
689
690
268
281
327
677
691
712
601
637
660
677
678
692
712
293
473
486
613
693
854
896
83
89
311
475
564
694
708
957
464
536
570
626
670
695
710
458
696
820
822
865
885
916
408
496
515
530
629
633
664
697
716
353
491
610
683
698
821
841
900
270
376
535
661
668
679
699
720
260
388
514
615
659
700
778
512
581
667
701
747
821
852
555
655
682
687
702
717
473
565
631
656
666
671
703
439
482
514
649
704
718
29
705
877
1042
1186
1230
1314
3
581
623
675
680
706
852
489
512
625
667
707
311
529
564
635
655
665
694
708
104
173
591
709
949
464
536
548
616
685
686
695
710
37
526
629
664
711
715
327
506
601
677
691
692
712
407
616
670
682
713
311
474
634
641
714
957
37
261
526
711
715
999
1012
37
408
419
427
629
697
716
89
555
564
655
702
717
1014
123
426
482
649
673
704
718
3
84
330
571
675
719
954
270
535
669
699
720
778
372
721
762
837
848
864
921
722
723
727
730
736
2242
2243
722
723
728
736
2209
2242
724
729
752
754
2286
2305
2312
2334
725
729
1864
2261
2278
2286
726
727
1855
2243
2251
722
726
727
730
734
1855
1880
2243
723
728
736
737
2200
2209
724
725
729
754
1897
2261
2286
722
727
730
734
735
736
557
731
741
776
896
946
732
1118
1300
1475
1686
2003
2097
2139
2187
733
1147
1223
1435
1465
1838
2000
2039
727
730
734
735
742
1880
730
734
735
736
742
749
756
1901
722
723
728
730
735
736
737
743
749
728
736
737
743
1810
1847
1887
2200
738
1634
1640
1659
1695
1734
1825
442
454
470
739
740
2442
461
462
470
739
740
2411
2434
2442
587
731
741
776
946
1662
2054
734
735
742
1880
1901
736
737
743
749
761
1887
1903
136
744
802
860
863
1011
745
895
1017
1031
1092
1393
1610
170
746
775
804
924
1553
1649
471
701
747
766
815
821
852
748
751
752
759
2312
2335
2373
735
736
743
749
756
761
769
750
820
822
882
886
907
908
1691
472
503
748
751
759
767
2373
724
748
752
753
754
759
760
2312
752
753
754
760
764
768
724
729
752
753
754
768
1897
1913
1940
154
349
466
755
1440
1989
2034
735
749
756
769
771
1901
1929
757
1186
1424
1449
1545
1579
525
528
571
586
758
954
992
748
751
752
759
760
767
779
752
753
759
760
764
779
785
743
749
761
769
1903
1914
372
721
762
783
786
837
346
644
763
776
854
896
753
760
764
768
785
789
801
335
610
765
878
898
900
353
456
471
747
766
821
841
503
539
751
759
767
779
796
753
754
764
768
789
1940
749
756
761
769
771
781
1914
104
280
770
868
890
949
756
769
771
780
781
790
1929
772
781
1914
1943
1951
773
1685
1745
1762
1813
1820
2107
774
843
859
943
1063
1750
1774
746
775
804
834
1649
346
587
663
731
741
763
776
896
777
1397
1571
1667
1896
2000
2039
2127
241
270
479
514
659
669
700
720
778
759
760
767
779
785
788
796
771
780
790
799
1929
1949
769
771
772
781
790
800
1914
1951
474
641
782
810
842
880
898
1096
78
372
762
783
786
828
861
78
174
389
784
828
890
914
760
764
779
785
788
801
806
16
78
762
783
786
837
1067
120
136
787
863
919
1337
1527
779
785
788
796
806
816
764
768
789
801
1940
1967
1982
771
780
781
790
799
800
791
862
1711
1712
1762
1767
1795
1806
143
351
792
1222
1738
2028
2085
793
970
1346
1484
1619
1622
97
794
888
895
897
1092
1626
270
289
376
458
795
865
539
767
779
788
796
811
816
29
435
797
858
2425
2501
2525
798
799
803
808
1949
1958
780
790
798
799
800
808
812
813
1949
781
790
799
800
813
817
1951
764
785
789
801
806
829
1641
1733
1982
744
802
835
863
1011
1476
798
803
807
808
1958
1968
170
746
775
804
827
834
869
155
385
420
498
805
819
848
864
869
785
788
801
806
816
823
829
803
807
808
830
840
1752
1968
798
799
803
807
808
812
824
830
174
188
282
389
809
1675
1683
1684
1719
782
810
878
898
958
1096
539
549
560
796
811
816
838
1071
799
808
812
813
824
832
799
800
812
813
817
825
832
814
817
833
1985
2029
240
471
657
747
815
852
979
788
796
806
811
816
823
838
800
813
814
817
825
833
1951
1985
818
912
968
1512
1616
1620
186
805
819
827
848
869
433
696
750
820
822
885
886
512
683
698
701
747
766
821
841
696
750
820
822
907
916
917
806
816
823
829
838
839
1003
808
812
824
830
831
832
846
813
817
825
832
833
846
856
826
891
1281
1350
1399
1456
1516
1549
1601
1623
170
186
804
819
827
869
920
927
948
78
783
784
828
861
868
890
801
806
823
829
839
1641
1729
807
808
824
830
831
840
845
824
830
831
845
846
874
903
812
813
824
825
832
846
814
817
825
833
847
856
2029
2067
385
498
775
804
834
869
1437
1649
2157
802
835
863
919
1349
1417
1422
1476
1494
836
1394
1679
1702
1703
1748
1804
721
762
786
837
848
920
1047
1067
811
816
823
838
1003
1050
1071
823
829
839
1003
1004
1729
807
830
840
845
1473
1752
1780
1818
353
698
766
821
841
477
611
632
641
782
842
853
880
1037
774
843
859
1749
1774
1788
844
855
889
962
1081
1214
1239
830
831
840
845
874
1473
824
825
831
832
846
856
883
903
833
847
856
1732
2067
2108
186
721
805
819
837
848
864
920
335
849
853
943
953
1033
850
1514
1545
1579
1605
1617
1618
20
851
1450
1811
1829
1830
3
581
657
701
706
747
815
852
335
842
849
853
880
898
1033
1037
293
347
644
693
763
854
896
177
844
855
884
889
1214
1243
825
833
846
847
856
875
883
2108
154
347
349
857
992
29
435
797
858
877
996
1009
335
774
843
859
900
913
943
1749
128
136
744
860
911
1011
1359
1624
372
783
828
861
868
925
981
176
791
862
1611
1767
1795
2181
136
744
787
802
835
863
919
155
365
721
805
848
864
921
4
376
458
696
795
865
915
916
622
866
918
1074
1359
1608
1624
172
476
867
884
977
1060
1110
104
770
828
861
868
890
981
385
804
805
819
827
834
869
870
1053
1422
1436
1514
1589
155
283
365
871
892
909
173
323
597
872
1007
1041
1497
1535
873
881
901
915
916
1677
1723
831
845
874
882
902
903
1473
856
875
883
894
2108
2146
876
974
1081
1337
1382
1602
29
705
858
877
996
1186
1424
610
765
810
878
898
958
879
1124
1126
1131
1132
1909
782
842
853
880
898
873
881
901
902
1473
1723
750
874
882
902
903
907
908
846
856
875
883
894
903
172
177
855
867
884
889
918
1110
1602
242
433
458
696
820
885
433
504
750
820
886
1691
1744
150
323
887
905
1007
1535
1580
1619
1942
2065
794
888
895
993
1028
1060
1626
844
855
884
889
1081
1602
174
280
770
784
828
868
890
826
891
1350
1478
1515
1550
1601
283
871
892
904
909
1513
1573
1969
4
608
893
906
915
1099
1113
875
883
894
903
908
2146
745
794
888
895
1060
1092
1393
473
557
666
693
731
763
776
854
896
97
794
897
994
1626
335
765
782
810
853
878
880
898
516
899
1446
2121
2188
2388
335
353
610
698
765
859
900
913
873
881
901
902
907
916
917
874
881
882
901
902
907
1473
831
846
874
882
883
894
903
908
283
420
892
904
1441
1573
1946
150
887
905
1942
2058
4
376
608
661
893
906
750
822
882
901
902
907
917
750
882
894
903
908
1691
2146
2165
365
871
892
909
990
1969
563
910
995
1008
1029
1030
1305
128
860
911
1011
1324
1336
818
912
968
1512
1593
1625
219
353
859
900
913
1749
78
231
252
389
784
914
1019
4
865
873
893
915
916
1026
1086
1099
1677
696
822
865
873
901
915
916
917
822
901
907
916
917
172
622
866
884
918
974
1359
1602
787
835
863
919
1349
1527
186
827
837
848
920
940
948
1022
1047
365
372
721
864
921
922
924
927
928
1716
1787
1817
20
130
923
935
1036
1789
1829
170
746
922
924
927
1553
1817
112
249
372
861
925
981
1454
2260
926
935
1063
1750
1789
1797
1828
170
827
922
924
927
928
932
948
922
927
928
929
932
934
1787
928
929
933
934
1091
1406
1787
232
243
930
997
1001
1018
1032
1072
118
250
315
362
931
1108
927
928
932
934
940
948
955
929
933
934
956
985
1091
928
929
932
933
934
955
956
923
926
935
953
964
1036
1063
1789
431
936
941
1018
1048
1108
25
77
279
391
646
937
1182
1206
1216
38
211
938
973
986
998
1062
1501
279
359
614
939
1101
1206
920
932
940
948
955
1022
207
228
339
431
936
941
1018
101
211
390
942
944
969
1013
1056
335
774
849
859
943
953
1063
942
944
967
969
1021
1023
1056
27
148
149
560
945
1097
1107
1112
557
731
741
946
961
1652
1662
317
324
358
361
585
947
983
1078
1172
827
920
927
932
940
948
104
150
173
280
282
323
709
770
949
83
475
950
967
1014
1069
1084
1114
219
456
951
984
1706
1749
2117
2164
5
952
1015
1021
1049
1657
1664
849
935
943
953
964
1033
1063
1102
84
349
571
719
758
954
992
932
934
940
955
956
991
1022
1035
933
934
955
956
982
985
1035
1254
83
311
474
694
714
957
1059
1096
513
610
810
878
958
1002
1016
1096
959
1015
1277
1458
1657
1658
352
398
409
960
1068
1070
557
946
961
972
1644
1652
844
962
1081
1239
2501
2525
2527
963
971
977
1028
1029
1604
1615
935
953
964
1036
1052
1102
965
1330
1441
1600
1609
2091
2160
966
1457
1490
1785
1811
1828
1829
944
950
967
969
1023
1069
1084
818
912
968
1391
1546
1620
1625
390
942
944
967
969
1069
793
970
1346
1526
1574
1598
1622
476
963
971
977
1028
557
961
972
980
989
1644
938
973
1062
1100
1501
1521
136
876
918
974
1337
1359
1602
5
253
975
1019
1054
1073
1664
1683
38
976
998
1511
1556
1578
1590
1592
476
867
963
971
977
995
1029
1110
978
1490
1661
1797
1805
1807
1821
1828
2182
0
240
471
556
558
815
979
972
980
989
1630
1633
1644
104
861
868
925
981
1454
956
982
1035
1242
1254
1405
1430
308
316
324
947
983
1172
1179
1265
1273
0
456
556
951
984
1278
2117
933
956
985
1090
1091
1254
38
101
211
225
938
986
1572
129
181
251
375
987
1027
526
988
999
1033
1087
1102
557
580
656
972
980
989
1044
1630
112
357
365
909
990
1969
955
991
1022
1035
1083
293
347
349
528
758
857
954
992
888
993
1028
1596
1603
1626
97
897
994
1584
1613
1614
1626
1974
2163
910
977
995
1008
1029
1110
858
877
996
1009
1318
1424
1527
339
930
997
1001
1018
38
938
976
998
1501
1556
526
715
988
999
1012
1072
1087
317
325
336
1000
1034
1078
163
339
387
930
997
1001
1072
958
1002
1016
1059
1076
1096
823
838
839
1003
1004
1050
839
1003
1004
1025
1050
1058
1729
76
181
291
1005
1027
1051
1077
1085
1006
1039
1088
1103
1567
1705
1823
872
887
1007
1041
1535
1619
177
910
995
1008
1110
1243
1305
120
435
858
996
1009
1527
29
1010
1042
2425
2455
744
802
860
911
1011
1336
1476
261
387
715
999
1012
1072
101
220
225
390
942
1013
1256
89
377
475
555
717
950
1014
1114
952
959
1015
1016
1021
1043
1277
1657
513
958
1002
1015
1016
1043
1076
1101
1277
745
1017
1031
1268
1610
232
339
930
936
941
997
1018
1108
252
253
389
914
975
1019
1683
142
1020
1045
1046
1432
1633
944
952
1015
1021
1023
1043
1049
1056
920
940
955
991
1022
1047
1055
1083
944
967
1021
1023
1043
1076
1084
231
252
253
350
1024
1173
1292
1004
1025
1026
1058
1149
1636
1729
915
1025
1026
1058
1086
1098
1107
1636
1677
6
76
181
251
315
987
1005
1027
476
888
963
971
993
1028
1060
1603
1615
563
910
963
977
995
1029
1604
563
910
1030
1195
1305
1577
745
1017
1031
1074
1263
1268
1272
1393
1608
130
232
243
930
1032
1036
1105
526
600
849
853
953
988
1033
1037
1102
325
337
363
364
1000
1034
1057
1078
955
956
982
991
1035
1083
1095
1242
1477
130
243
923
935
964
1032
1036
1052
600
632
842
853
1033
1037
88
594
624
1038
1039
1103
1115
88
328
1006
1038
1039
1103
1705
1040
1088
1089
1104
1503
1823
872
1007
1041
1497
1606
1619
1622
29
705
1010
1042
1230
1255
2455
1015
1016
1021
1023
1043
1076
580
989
1044
1045
1630
187
580
1020
1044
1045
1046
1630
1633
187
1020
1045
1046
1066
1432
837
920
1022
1047
1055
1067
26
250
431
936
1048
1108
5
211
952
1021
1049
1056
1062
838
1003
1004
1050
1058
1071
1097
1107
181
398
1005
1051
1070
1077
243
964
1036
1052
1087
1102
14
870
1053
1514
1578
1589
1605
253
302
975
1054
1073
1219
1292
254
271
1022
1047
1055
1067
1083
1106
211
942
944
1021
1049
1056
363
386
522
585
1034
1057
1078
1004
1025
1026
1050
1058
1107
83
957
1002
1059
1076
1084
1096
172
476
622
867
888
895
1028
1060
1393
123
312
593
673
1061
1064
1068
5
211
302
938
973
1049
1062
1073
1100
774
926
935
943
953
1063
1750
439
482
673
1061
1064
1068
1093
1065
1080
1293
1886
1924
2532
17
187
262
1046
1066
1075
1082
1094
1432
16
786
837
1047
1055
1067
1106
301
312
409
960
1061
1064
1068
1070
1093
390
950
967
969
1069
1114
108
181
312
398
960
1051
1068
1070
560
811
838
1050
1071
1097
243
387
930
999
1001
1012
1072
1087
5
302
975
1054
1062
1073
622
866
1031
1074
1393
1608
187
262
478
490
1066
1075
1002
1016
1023
1043
1059
1076
1084
209
291
398
1005
1051
1077
317
585
947
1000
1034
1057
1078
1079
1089
1116
1117
1503
1790
1815
1816
1065
1080
1125
1134
1146
1886
1924
844
876
889
962
1081
1382
1602
2525
1066
1082
1094
1432
1595
1637
271
991
1022
1035
1055
1083
1095
83
950
967
1023
1059
1076
1084
76
118
291
315
366
1005
1085
915
1026
1086
1098
1099
243
988
999
1052
1072
1087
1102
70
1006
1040
1088
1103
1104
1823
1040
1079
1089
1104
1116
1503
609
985
1090
1091
1254
1331
1379
609
929
933
985
1090
1091
1406
1468
97
745
794
895
1092
1610
193
301
439
1064
1068
1093
17
194
272
1066
1082
1094
1111
1595
7
271
1035
1083
1095
1185
1477
1607
474
782
810
957
958
1002
1059
1096
560
945
1050
1071
1097
1107
1026
1086
1098
1099
1107
1112
1113
893
915
1086
1098
1099
1113
302
973
1062
1100
1521
1547
1557
513
614
939
1016
1101
1206
1277
953
964
988
1033
1052
1087
1102
70
1006
1038
1039
1088
1103
1115
70
139
352
1040
1088
1089
1104
1116
130
144
232
362
1032
1105
1108
16
254
1055
1067
1106
945
1026
1050
1058
1097
1098
1107
1112
232
250
362
931
936
1018
1048
1105
1108
266
267
329
366
1109
1779
1790
177
867
884
977
995
1008
1110
194
399
1094
1111
1321
1595
27
945
1098
1107
1112
1113
27
578
608
893
1098
1099
1112
1113
340
377
390
950
1014
1069
1114
70
388
615
624
1038
1103
1115
209
352
398
1079
1089
1104
1116
1117
209
267
1079
1116
1117
1790
97
732
1118
1268
1279
1300
1610
1686
2056
2084
2163
1119
1120
1152
2346
2374
2375
1119
1120
1127
1140
1152
2375
2399
1121
1128
1129
2053
2456
2504
1122
1129
1130
1144
1145
1343
2053
1123
1130
1131
1132
1145
1163
1374
445
879
1124
1126
1325
1909
2505
2530
1080
1125
1133
1146
1315
1924
1950
879
1124
1126
1131
1363
1374
2477
2505
1120
1127
1140
1152
1156
1166
1121
1128
1129
1143
1319
2456
1121
1122
1128
1129
1143
1144
1328
2053
1122
1123
1130
1145
1374
2032
2053
879
1123
1126
1131
1132
1374
15
21
449
879
1123
1131
1132
1163
1909
22
451
1125
1133
1146
1315
1080
1134
1135
1146
1159
1170
1886
30
1134
1135
1136
1160
1170
1886
446
1135
1136
1137
1160
1294
1886
446
1136
1137
1293
1294
1525
1632
2076
1138
1455
1845
1902
2015
1139
1150
1151
1155
2359
2374
1120
1127
1140
1141
1153
1156
2399
2426
2427
1140
1141
1142
1153
1319
2426
2445
1141
1142
1153
1319
1326
1327
1128
1129
1143
1319
1327
1328
1122
1129
1144
1328
1343
1356
1122
1123
1130
1145
1163
1167
1343
1356
1372
22
1080
1125
1133
1134
1146
1159
1169
1180
138
269
733
1147
1465
1704
2039
2191
455
463
1148
1474
1845
2004
1025
1149
1636
1645
1674
1729
1780
1139
1150
1151
1155
1162
1165
1345
1139
1150
1151
1152
1162
2374
1119
1120
1127
1151
1152
1162
1166
2374
1140
1141
1142
1153
1156
1174
1326
1342
1154
1175
1203
1251
1264
1282
1285
1290
1139
1150
1155
1333
1345
1878
2359
1127
1140
1153
1156
1166
1174
1368
1157
1252
1709
2085
367
1158
1161
1176
1260
1275
1304
1134
1146
1159
1169
1170
1197
30
31
446
1135
1136
1160
342
367
1158
1161
1248
1260
1306
1150
1151
1152
1162
1165
1166
21
1123
1132
1145
1163
1167
1164
1240
1419
1456
2453
2462
2476
1150
1162
1165
1166
1345
1367
1368
1127
1152
1156
1162
1165
1166
1368
21
39
511
1145
1163
1167
1372
1378
1168
1208
1244
1260
1304
1146
1159
1169
1180
1197
1205
30
31
61
1134
1135
1159
1170
1197
345
370
384
395
1171
1172
1179
1271
358
384
947
983
1171
1172
1179
1257
7
271
350
1024
1173
1201
1292
1495
1153
1156
1174
1177
1178
1342
1347
1368
87
300
341
1154
1175
1251
1285
1158
1176
1195
1241
1258
1266
1275
1304
1174
1177
1178
1192
1202
1368
1174
1177
1178
1202
1210
1347
1369
983
1171
1172
1179
1271
1273
22
60
1146
1169
1180
1204
1205
1181
1187
1496
1912
2528
2529
937
1182
1206
1216
1277
1344
1524
1183
1208
1222
1233
2028
2464
2499
220
340
1184
1188
1256
1282
1285
1469
7
8
1095
1185
1335
1392
1607
705
757
877
1186
1309
1314
1424
1449
1181
1187
1466
1496
1507
1912
2066
2075
1184
1188
1256
1469
1566
1579
1189
1201
1219
1292
1375
1438
1526
592
1190
1208
1244
1565
2443
2464
1191
1265
1276
1283
1298
1303
1177
1192
1202
1366
1368
1389
1402
1193
1194
1212
1384
1385
1386
1390
1404
46
57
68
1193
1194
1212
1225
1386
1030
1176
1195
1241
1266
1305
1563
1564
1577
60
90
96
1196
1204
1213
61
71
1159
1169
1170
1197
1205
1198
1235
1245
1252
307
1199
1270
1271
1283
137
1200
1251
1264
1288
1295
1302
1173
1189
1201
1292
1438
1495
1177
1178
1192
1202
1209
1210
1402
1154
1203
1259
1264
1290
1309
1314
60
1180
1196
1204
1205
1213
71
1169
1180
1197
1204
1205
1213
279
937
939
1101
1182
1206
1277
236
257
265
297
298
1207
1215
1276
1168
1183
1190
1208
1233
1244
1260
2464
1202
1209
1210
1217
1402
1411
1178
1202
1209
1210
1217
1369
1376
164
1211
1289
1426
1447
2037
2063
2116
2128
1193
1194
1212
1225
1247
1404
71
90
1196
1204
1205
1213
1221
1226
844
855
1214
1239
1243
1258
1266
236
1207
1215
1276
1286
1310
1312
391
937
1182
1216
1344
1439
1209
1210
1217
1224
1228
1376
1411
516
592
1218
1510
1866
2066
2075
2388
2499
302
1054
1189
1219
1292
1375
1557
1620
1220
1230
1255
1259
1288
1295
2488
90
110
111
1213
1221
1226
792
1183
1222
1738
1866
2028
2499
463
733
1223
1435
1465
1523
2192
1217
1224
1228
1229
1376
1403
68
95
102
1194
1212
1225
1237
1247
71
72
111
1213
1221
1226
1227
72
73
111
1226
1227
1238
1249
1217
1224
1228
1224
1229
1235
1403
1404
705
1042
1220
1230
1255
1259
1314
14
1231
1256
1566
1572
1592
1617
1618
79
80
85
105
134
1232
1250
263
1183
1208
1233
1260
1313
1570
2028
1234
1235
1198
1229
1234
1235
1236
1245
1404
1235
1236
1245
1246
1247
1404
102
1225
1237
1246
1247
1262
1770
2412
73
79
1227
1238
1249
1250
1284
844
962
1214
1239
1258
2500
2527
1164
1240
1456
1606
2435
2453
1176
1195
1241
1244
1304
1564
982
1035
1242
1430
1477
177
855
1008
1214
1243
1266
1305
1168
1190
1208
1241
1244
1304
1564
1565
1198
1235
1236
1245
1246
1252
1453
2413
1236
1237
1245
1246
1247
1453
2412
1212
1225
1236
1237
1246
1247
1404
303
342
354
1161
1248
1306
111
159
1227
1238
1249
1284
1291
79
134
146
1232
1238
1250
1284
87
137
229
1154
1175
1200
1251
1264
1157
1198
1245
1252
2085
2413
440
452
453
1253
1261
1840
1846
956
982
985
1090
1254
1331
1405
1042
1220
1230
1255
2455
2488
2491
220
225
1013
1184
1188
1231
1256
1566
1572
358
361
371
384
396
1172
1257
1176
1214
1239
1258
1266
1275
2500
1203
1220
1230
1259
1264
1295
1314
1158
1161
1168
1208
1233
1260
1304
1306
1313
452
1253
1261
1627
1632
1846
2076
102
1237
1262
1770
2461
1031
1263
1268
1272
1300
1984
2097
2098
1154
1200
1203
1251
1259
1264
1295
308
983
1191
1265
1273
1283
1298
1176
1195
1214
1243
1258
1266
1305
166
196
236
1267
1312
1017
1031
1118
1263
1268
1300
1610
1269
1534
1558
1629
1802
2062
307
322
345
355
356
1199
1270
1271
345
1171
1179
1199
1270
1271
1273
1283
128
1031
1263
1272
1608
1624
1984
983
1179
1265
1271
1273
1283
137
310
338
1274
1302
1740
2513
367
392
1158
1176
1258
1275
2489
2500
298
1191
1207
1215
1276
1283
1286
1303
959
1015
1016
1101
1182
1206
1277
1458
1524
0
984
1278
2035
2037
2117
2138
1118
1279
1849
1974
2084
2158
2163
455
1280
1287
1845
2185
826
1281
1381
1399
1419
1456
2462
1154
1184
1282
1285
1290
1469
298
307
1191
1199
1265
1271
1273
1276
1283
146
1238
1249
1250
1284
1291
1311
121
300
340
1154
1175
1184
1282
1285
205
216
1215
1276
1286
1303
1310
455
463
1280
1287
1523
2152
2184
2185
1200
1220
1288
1295
1302
2488
1211
1289
1850
2035
2037
2063
1154
1203
1282
1290
1309
1469
159
1249
1284
1291
1296
1311
253
1024
1054
1173
1189
1201
1219
1292
1065
1137
1293
1294
1632
1886
2532
1136
1137
1293
1294
1886
1200
1220
1259
1264
1288
1295
159
166
1291
1296
1299
1310
1311
1312
188
1297
1520
1763
1764
1867
2003
2058
245
246
308
1191
1265
1298
1303
160
205
1296
1299
1310
1311
732
1118
1263
1268
1300
2097
1301
1352
1445
1959
1974
2186
137
1200
1274
1288
1302
2488
2513
2524
216
245
1191
1276
1286
1298
1303
1158
1168
1176
1241
1244
1260
1304
910
1008
1030
1195
1243
1266
1305
303
1161
1248
1260
1306
1313
1307
1308
1474
1838
2000
2144
1307
1308
1474
1707
1755
1934
2144
1186
1203
1290
1309
1314
1449
1469
205
1215
1286
1296
1299
1310
1312
146
160
1284
1291
1296
1299
1311
166
236
1215
1267
1296
1310
1312
263
273
303
1233
1260
1306
1313
705
1186
1203
1230
1259
1309
1314
445
450
451
1125
1133
1315
1325
1950
1316
1317
1322
1338
1351
2202
1316
1317
1322
2202
2215
2230
996
1318
1349
1424
1514
1527
1545
1128
1141
1142
1143
1319
1327
2445
2456
1320
1379
1468
1478
1486
1500
1550
194
391
399
1111
1321
1439
1447
1448
1316
1317
1322
1323
1339
1351
1361
1362
2230
1322
1323
1340
1362
1868
2230
128
911
1324
1336
1470
1984
2074
445
1124
1315
1325
1950
2530
2531
1142
1153
1326
1327
1342
1353
1354
1355
1142
1143
1319
1326
1327
1328
1334
1355
1129
1143
1144
1327
1328
1334
1356
1329
1350
1357
1418
1423
1517
1536
965
1330
1500
1600
1609
2022
1090
1254
1331
1379
1405
1332
1338
1351
1433
1725
1737
1769
1809
1155
1333
1341
1345
1878
1883
1327
1328
1334
1348
1355
1356
8
1185
1335
1358
1392
1495
1537
1599
1621
911
1011
1324
1336
1470
1476
120
136
787
876
974
1337
1382
1316
1332
1338
1351
1769
2202
1322
1339
1361
1362
1380
1751
1323
1340
1362
1868
1881
1911
1333
1341
1345
1365
1366
1721
1883
1153
1174
1326
1342
1347
1353
1122
1144
1145
1343
1356
1182
1216
1344
1373
1439
1498
1524
1150
1155
1165
1333
1341
1345
1366
1367
793
970
1346
1484
1526
1174
1178
1342
1347
1353
1369
1377
1334
1348
1355
1356
1370
835
919
1318
1349
1422
1514
1527
826
891
1329
1350
1517
1536
1549
1550
1316
1322
1332
1338
1351
1360
1361
1737
1301
1352
1455
1849
1902
1959
2186
1326
1342
1347
1353
1354
1377
1326
1353
1354
1355
1370
1377
1383
1326
1327
1334
1348
1354
1355
1370
1144
1145
1328
1334
1343
1348
1356
1370
1371
1372
1329
1357
1392
1423
1517
1599
1607
1335
1358
1499
1537
1591
1621
136
860
866
918
974
1359
1624
1351
1360
1361
1380
1387
1388
1699
1737
1322
1339
1351
1360
1361
1380
1322
1323
1339
1340
1362
1736
1751
1911
1126
1363
1374
2032
2477
2517
1364
1365
1366
1389
1722
1926
1341
1364
1365
1366
1651
1721
1722
1192
1341
1345
1364
1365
1366
1367
1368
1389
1165
1345
1366
1367
1368
1156
1165
1166
1174
1177
1192
1366
1367
1368
1178
1210
1347
1369
1376
1377
1348
1354
1355
1356
1370
1371
1383
1384
1385
1356
1370
1371
1372
1378
1385
1145
1167
1356
1371
1372
1378
1344
1373
1467
1498
1524
1647
1123
1126
1130
1131
1363
1374
2032
1189
1219
1375
1484
1526
1620
1210
1217
1224
1369
1376
1377
1390
1403
1347
1353
1354
1369
1376
1377
1383
1390
511
1167
1371
1372
1378
1385
1386
609
1090
1320
1331
1379
1405
1468
1486
1339
1360
1361
1380
1388
1751
357
1281
1381
1399
1969
2462
120
435
876
1081
1337
1382
2525
1354
1370
1377
1383
1384
1390
1193
1370
1383
1384
1385
1390
1193
1370
1371
1378
1384
1385
1386
57
511
1193
1194
1378
1385
1386
1360
1387
1388
1395
1699
1921
1360
1380
1387
1388
1395
1396
1751
1935
1192
1364
1366
1389
1402
1409
1410
1926
1193
1376
1377
1383
1384
1390
1403
1404
968
1391
1546
1625
1860
2065
2180
1185
1335
1357
1392
1599
1607
622
745
895
1031
1060
1074
1393
836
1394
1450
1702
1748
1811
1822
1387
1388
1395
1396
1400
1921
1388
1395
1396
1400
1401
1935
777
1397
1571
1653
1667
1771
1934
1398
1412
1427
1894
1921
1933
826
1281
1381
1399
1425
1601
1969
1395
1396
1400
1401
1407
1413
1428
1921
1396
1400
1401
1413
1421
1935
1947
1966
1192
1202
1209
1389
1402
1410
1411
1224
1229
1376
1390
1403
1404
1193
1212
1229
1235
1236
1247
1390
1403
1404
982
1254
1331
1379
1405
1430
1431
1486
929
1091
1406
1468
1500
1716
1787
1908
2022
1400
1407
1427
1428
1460
1921
1408
1409
1414
1926
1981
2011
2012
2024
1389
1408
1409
1410
1414
1926
1389
1402
1409
1410
1411
1414
1415
1416
1209
1217
1402
1410
1411
1398
1412
1427
1442
1932
1933
1971
1400
1401
1413
1421
1428
1408
1409
1410
1414
1415
2012
2454
1410
1414
1415
1416
2454
2502
2503
1410
1415
1416
1709
2503
444
835
1417
1422
1436
1494
1597
1329
1418
1423
1430
1477
1485
1536
1164
1281
1419
1456
2462
142
1420
1479
1844
1884
1939
2036
2189
1401
1413
1421
1428
1444
1966
1979
1990
1998
835
870
1349
1417
1422
1436
1514
1329
1357
1418
1423
1477
1607
757
877
996
1186
1318
1424
1545
1399
1425
1513
1515
1601
1969
1211
1426
1447
1448
1467
1498
2128
2174
1398
1407
1412
1427
1442
1459
1460
1921
1400
1407
1413
1421
1428
1444
1460
1461
1429
1534
1676
1696
1700
1802
982
1242
1405
1418
1430
1431
1477
1485
1405
1430
1431
1485
1486
142
1020
1046
1066
1082
1432
1637
1332
1433
1725
1782
1809
2193
2195
1434
1463
2027
2052
2072
2073
2444
2475
463
733
1223
1435
1838
870
1417
1422
1436
1589
1590
1597
834
1437
1600
1649
2091
2157
1189
1201
1438
1495
1526
1598
1621
391
1216
1321
1344
1439
1448
1498
154
755
1440
1844
1939
2034
904
965
1441
1573
1609
1946
2160
1412
1427
1442
1459
1471
1488
1971
1988
1443
1459
1460
1472
1480
1421
1428
1444
1451
1461
1998
1301
1445
1613
1974
2136
2155
2161
2186
516
899
1446
2121
2515
2529
399
1211
1321
1426
1447
1448
2116
1321
1426
1439
1447
1448
1498
757
1186
1309
1449
1469
1579
851
1394
1450
1811
1822
1830
1444
1451
1461
1998
2048
1452
1642
1839
1859
1865
1873
2196
2197
351
1245
1246
1453
2412
2413
104
249
459
591
925
981
1454
1138
1352
1455
1845
1902
2173
2185
2186
826
1164
1240
1281
1419
1456
1516
1548
1568
1606
966
1457
1490
1646
1741
1785
959
1277
1458
1524
1647
1658
1427
1442
1443
1459
1460
1471
1472
1407
1427
1428
1443
1459
1460
1461
1480
1428
1444
1451
1460
1461
1480
1531
2048
2059
504
1462
1672
1698
1714
1744
1798
1434
1463
1464
1482
1483
2073
2475
2514
1463
1464
1483
2514
2528
733
1147
1223
1465
2170
2183
2191
2192
1187
1466
1496
1506
1507
1519
1532
1373
1426
1467
1498
1647
2174
609
1091
1320
1379
1406
1468
1500
1184
1188
1282
1290
1309
1449
1469
1579
630
1324
1336
1470
1476
1593
1625
2014
2074
2180
1442
1459
1471
1472
1488
1489
1528
2047
1443
1459
1471
1472
1480
1489
840
845
874
881
902
1473
1723
1780
463
1148
1307
1308
1474
1755
1838
2002
2004
732
1475
1867
2003
2182
2187
630
802
835
1011
1336
1470
1476
1494
1035
1095
1242
1418
1423
1430
1477
1607
891
1320
1478
1500
1515
1550
1609
142
1420
1479
1644
1668
2036
1443
1460
1461
1472
1480
1489
1518
1531
1481
1482
1492
2073
2096
2115
1463
1481
1482
1483
1492
1504
2073
1463
1464
1482
1483
1496
1504
2528
793
1346
1375
1484
1526
1546
1580
1619
1620
1418
1430
1431
1485
1486
1536
1550
1320
1379
1405
1431
1485
1486
1550
1487
1638
1646
1648
1701
1741
1807
1442
1471
1488
1988
2007
2047
1471
1472
1480
1489
1518
1528
1529
1538
966
978
1457
1490
1741
1807
1828
1491
1631
1669
1731
1760
1791
1992
1481
1482
1492
1504
2096
2106
1493
1717
1730
1742
2140
2148
2178
444
630
835
1417
1476
1494
7
8
1173
1201
1335
1438
1495
1621
1181
1187
1466
1483
1496
1504
1505
1506
2528
597
872
1041
1497
1606
2435
1344
1373
1426
1439
1448
1467
1498
1358
1499
1517
1537
1549
1591
1599
1623
1320
1330
1406
1468
1478
1500
1609
2022
938
973
998
1501
1521
1556
1581
1502
1531
1552
2049
2059
2080
2132
2133
1040
1079
1089
1503
1781
1816
1823
1482
1483
1492
1496
1504
1505
2106
2137
1496
1504
1505
1506
1540
1541
2137
1466
1496
1505
1506
1532
1541
1187
1466
1507
1508
1509
1519
2075
1507
1508
1509
1519
1533
1542
592
1507
1508
1509
1510
1533
2075
592
1218
1509
1510
2075
976
1511
1512
1556
1581
1590
1597
444
818
912
1511
1512
1521
1581
1593
1597
1616
892
1425
1513
1515
1573
1969
850
870
1053
1318
1349
1422
1514
1545
1605
891
1425
1478
1513
1515
1573
1601
1609
826
1456
1516
1568
1591
1623
1329
1350
1357
1499
1517
1549
1599
1480
1489
1518
1531
1538
1466
1507
1508
1519
1532
1542
1297
1520
1860
1942
1957
1991
2003
2016
2058
973
1100
1501
1512
1521
1547
1581
1616
1522
1575
1708
1714
1765
1793
1798
463
1223
1287
1523
2184
2192
1182
1277
1344
1373
1458
1524
1647
446
452
1137
1525
2076
970
1189
1346
1375
1438
1484
1526
1598
120
787
919
996
1009
1318
1349
1527
1471
1489
1528
1529
1551
2047
1489
1528
1529
1530
1538
1551
1559
1582
1594
1529
1530
1538
1559
1461
1480
1502
1518
1531
1538
1552
2059
1466
1506
1519
1532
1541
1542
1555
592
1508
1509
1533
1542
1543
2397
1269
1429
1534
1558
1666
1696
1802
323
872
887
1007
1535
1329
1350
1418
1485
1536
1550
1335
1358
1499
1537
1599
1489
1518
1529
1530
1531
1538
1552
1559
1539
1560
1583
1584
2126
2156
2161
2162
1505
1540
1541
1554
1560
1614
2137
2162
1505
1506
1532
1540
1541
1554
1555
1585
1508
1519
1532
1533
1542
1543
1555
1561
1562
1533
1542
1543
1562
1569
2397
592
1544
1563
1564
1565
2397
757
850
1318
1424
1514
1545
1579
968
1391
1484
1546
1580
1620
2065
1100
1521
1547
1557
1616
1620
1456
1548
1568
1574
1606
1622
826
1350
1499
1517
1549
1623
891
1320
1350
1478
1485
1486
1536
1550
1528
1529
1551
1594
2047
2090
2120
1502
1531
1538
1552
1559
2132
2150
746
924
1553
1649
1817
1908
1540
1541
1554
1585
1596
1614
1532
1541
1542
1555
1561
1585
1586
976
998
1501
1511
1556
1581
302
1100
1219
1547
1557
1620
1269
1534
1558
1629
1634
1666
1697
1529
1530
1538
1552
1559
1582
2150
2170
2183
2191
1539
1540
1560
1584
1614
2162
1542
1555
1561
1562
1586
1587
1542
1543
1561
1562
1569
1576
1587
1588
1195
1544
1563
1564
1569
1577
2397
1195
1241
1244
1544
1563
1564
1565
592
1190
1244
1544
1564
1565
1188
1231
1256
1566
1579
1618
1006
1567
1705
1803
1823
1456
1516
1548
1568
1574
1591
1621
563
1543
1562
1563
1569
1576
1577
2397
203
255
263
1233
1570
2028
2064
777
1397
1571
1934
2000
2144
38
225
986
1231
1256
1572
1592
892
904
1441
1513
1515
1573
1609
970
1548
1568
1574
1598
1621
1622
1522
1575
1691
1708
1775
1798
2165
563
1562
1569
1576
1588
563
1030
1195
1563
1569
1577
14
976
1053
1578
1589
1590
1592
757
850
1188
1449
1469
1545
1566
1579
1618
887
1484
1546
1580
1619
2065
1501
1511
1512
1521
1556
1581
1529
1559
1582
1594
1612
2191
1539
1583
1584
1613
2161
994
1539
1560
1583
1584
1613
1614
1541
1554
1555
1585
1586
1596
1603
1555
1561
1585
1586
1587
1603
1604
1561
1562
1586
1587
1588
1604
563
1562
1576
1587
1588
1604
870
1053
1436
1578
1589
1590
976
1436
1511
1578
1589
1590
1597
1358
1499
1516
1568
1591
1621
1623
14
38
976
1231
1572
1578
1592
444
630
912
1470
1512
1593
1625
1529
1551
1582
1594
1611
1612
2120
2181
399
1082
1094
1111
1595
1637
2116
993
1554
1585
1596
1603
1614
1626
444
1417
1436
1511
1512
1590
1597
970
1438
1526
1574
1598
1621
1335
1357
1392
1499
1517
1537
1599
965
1330
1437
1600
1649
1908
2022
2091
826
891
1399
1425
1515
1601
876
884
889
918
974
1081
1602
993
1028
1585
1586
1596
1603
1604
1615
563
963
1029
1586
1587
1588
1603
1604
1615
14
850
1053
1514
1605
1617
1041
1240
1456
1497
1548
1606
1622
2435
1095
1185
1357
1392
1423
1477
1607
866
1031
1074
1272
1608
1624
965
1330
1441
1478
1500
1515
1573
1609
97
745
1017
1092
1118
1268
1610
176
269
862
1594
1611
1612
2181
138
269
1582
1594
1611
1612
2191
994
1445
1583
1584
1613
1974
2161
994
1540
1554
1560
1584
1596
1614
1626
963
1028
1603
1604
1615
818
1512
1521
1547
1616
1620
14
850
1231
1605
1617
1618
850
1231
1566
1579
1617
1618
793
887
1007
1041
1484
1580
1619
1622
818
968
1219
1375
1484
1546
1547
1557
1616
1620
1335
1358
1438
1495
1568
1574
1591
1598
1621
793
970
1041
1548
1574
1606
1619
1622
826
1499
1516
1549
1591
1623
128
860
866
1272
1359
1608
1624
912
968
1391
1470
1593
1625
2180
794
888
897
993
994
1596
1614
1626
1261
1627
1632
1846
1875
2496
2508
2522
1628
1653
1748
1771
1785
1269
1558
1629
1634
1694
1718
1734
1825
2062
980
989
1044
1045
1630
1633
1491
1631
1663
1689
1776
1791
1992
1137
1261
1293
1627
1632
1875
2076
2532
142
980
1020
1045
1630
1633
1644
738
1558
1629
1634
1695
1697
1825
1635
1654
1694
1715
1718
1760
1025
1026
1149
1636
1674
1677
142
1082
1432
1595
1637
1884
2116
1487
1638
1646
1648
1707
1755
1639
1693
1700
1772
1777
1820
738
1640
1659
1726
1734
1815
1816
801
829
1641
1645
1729
1733
1452
1642
1837
1843
1865
2197
1643
1659
1688
1695
1781
1792
142
961
972
980
1479
1633
1644
1652
1668
1149
1641
1645
1729
1733
1780
1818
1824
1457
1487
1638
1646
1707
1741
1785
1373
1458
1467
1524
1647
1658
2174
1487
1638
1648
1650
1701
1755
746
775
834
1437
1553
1600
1649
1908
1648
1650
1701
1755
2002
2069
1365
1651
1721
1722
1851
1861
1877
1882
946
961
1644
1652
1662
1668
1397
1628
1653
1707
1771
1785
1934
1635
1654
1718
1758
1760
1992
153
328
508
1655
1656
1705
1786
1827
508
1655
1656
1698
1773
1786
1819
952
959
1015
1657
1658
1664
1665
1675
959
1458
1647
1657
1658
1665
2174
738
1640
1643
1659
1695
1781
1816
1660
1808
1839
1859
2194
2196
978
1661
1812
1821
1867
2182
741
946
1652
1662
1668
2054
1631
1663
1689
1712
1768
1776
1813
5
952
975
1657
1664
1675
1683
1657
1658
1665
1670
1675
2174
1534
1558
1666
1696
1697
1792
1799
777
1397
1667
1731
1771
1776
1791
2127
1479
1644
1652
1662
1668
2036
2054
1491
1669
1731
1759
1760
1665
1670
1675
1684
2174
2176
1671
1680
1688
1756
1783
1792
1799
1819
1462
1672
1698
1714
1773
1783
1673
1680
1696
1735
1783
1876
1149
1636
1674
1677
1723
1780
809
1657
1664
1665
1670
1675
1683
1684
438
1429
1676
1700
1758
1802
1820
2107
873
915
1026
1636
1674
1677
1723
1678
1681
1692
1777
1876
2175
836
1679
1702
1703
1743
1801
1831
1671
1673
1680
1696
1783
1799
1678
1681
1692
1693
1710
1717
1730
1777
1682
1754
1794
1895
2252
2262
2263
389
809
975
1019
1664
1675
1683
809
1670
1675
1684
1706
1719
2176
438
773
1685
1689
1813
1992
2107
732
1118
1686
1753
2056
2187
1687
1694
1715
1734
1743
1761
1814
1832
1643
1671
1688
1756
1781
1792
1631
1663
1685
1689
1813
1992
1690
1794
1861
2266
2279
2280
750
886
908
1575
1691
1744
1798
2165
1678
1681
1692
1730
1746
2175
1639
1681
1693
1710
1772
1777
1629
1635
1687
1694
1715
1718
1734
738
1634
1643
1659
1695
1697
1792
1429
1534
1666
1673
1680
1696
1700
1777
1799
1876
1558
1634
1666
1695
1697
1792
504
508
1462
1656
1672
1698
1773
1360
1387
1699
1725
1737
1747
1893
1894
1921
1429
1639
1676
1696
1700
1777
1820
1487
1648
1650
1701
1753
1805
1807
2069
836
1394
1679
1702
1822
1831
836
1679
1703
1727
1743
1761
1804
176
269
1147
1704
1768
1795
1896
2039
328
1006
1039
1567
1655
1705
1786
1803
951
1684
1706
1719
1728
1749
1763
2164
2176
1308
1638
1646
1653
1707
1755
1785
1934
1522
1575
1708
1746
1765
1775
2166
1157
1416
1709
2085
2121
2188
2503
2516
178
1681
1693
1710
1717
1742
1772
791
1711
1720
1745
1762
1766
1784
1806
791
1663
1712
1762
1768
1795
1813
1713
1725
1747
1782
1808
1462
1522
1672
1714
1735
1783
1793
1798
1635
1687
1694
1715
1727
1760
1761
922
1406
1716
1787
1817
1908
1493
1681
1710
1717
1730
1742
1629
1635
1654
1694
1718
1758
1802
2062
188
809
1684
1706
1719
1728
178
1711
1720
1745
1766
1772
1820
1341
1365
1651
1721
1877
1883
1364
1365
1651
1722
1882
1895
1926
1938
873
881
1473
1674
1677
1723
1780
1724
1784
1796
1806
2130
2168
1332
1433
1699
1713
1725
1737
1747
1782
1640
1726
1734
1779
1814
1815
1703
1715
1727
1759
1760
1761
1804
188
1706
1719
1728
1763
829
839
1004
1025
1149
1641
1645
1729
1493
1681
1692
1717
1730
1746
2178
1491
1667
1669
1731
1759
1771
1791
1804
847
1732
1775
2067
2099
2108
2166
801
1641
1645
1733
1824
1982
738
1629
1640
1687
1694
1726
1734
1814
1825
1673
1714
1735
1783
1793
1876
2175
1362
1736
1751
1911
1925
1935
1936
1332
1351
1360
1699
1725
1737
792
1222
1738
1866
2085
2188
2388
1739
1752
1818
1824
1967
1982
1983
310
570
639
647
1274
1740
2490
2513
1457
1487
1490
1646
1741
1807
178
1493
1710
1717
1742
2140
2179
1679
1687
1703
1743
1761
1801
1832
504
886
1462
1691
1744
1798
773
1711
1720
1745
1762
1820
1692
1708
1730
1746
1765
2166
2167
2175
2178
1699
1713
1725
1747
1808
1859
1873
1893
836
1394
1628
1748
1771
1785
1804
1811
219
843
859
913
951
1706
1749
1763
1764
1788
774
926
1063
1750
1774
1797
1339
1362
1380
1388
1736
1751
1935
807
840
1739
1752
1818
1968
1983
1686
1701
1753
1805
2055
2056
2069
2187
1682
1754
1868
1881
1895
2244
2252
1308
1474
1638
1648
1650
1707
1755
2002
1671
1688
1756
1781
1803
1819
1823
1757
1836
1843
1858
2198
438
1654
1676
1718
1758
1802
1992
1669
1727
1731
1759
1760
1804
1491
1635
1654
1669
1715
1727
1759
1760
1992
1687
1703
1715
1727
1743
1761
773
791
1711
1712
1745
1762
1813
188
1297
1706
1728
1749
1763
1764
1297
1749
1763
1764
1788
1812
1867
1522
1708
1746
1765
1793
2175
178
1711
1720
1766
1784
2179
2190
791
862
1767
1806
2168
2169
2181
1663
1704
1712
1768
1776
1795
1896
2127
1332
1338
1769
1809
2202
1237
1262
1770
2265
2336
2412
2461
1397
1628
1653
1667
1731
1748
1771
1804
178
1639
1693
1710
1720
1772
1820
1656
1672
1698
1773
1783
1819
774
843
1750
1774
1788
1797
1821
1575
1708
1732
1775
2108
2146
2165
2166
1631
1663
1667
1768
1776
1791
2127
1639
1678
1681
1693
1696
1700
1777
1876
266
329
1778
1800
1801
1831
266
1109
1726
1779
1790
1814
1815
1832
840
1149
1473
1645
1674
1723
1780
1818
1503
1643
1659
1688
1756
1781
1816
1823
1433
1713
1725
1782
1808
2193
1671
1672
1673
1680
1714
1735
1773
1783
1819
1711
1724
1766
1784
1796
1806
2190
966
1457
1628
1646
1653
1707
1748
1785
1811
1655
1656
1705
1786
1803
1819
922
928
929
1406
1716
1787
843
1749
1764
1774
1788
1812
1821
923
926
935
1789
1828
1829
267
1079
1109
1117
1779
1790
1815
1491
1631
1667
1731
1776
1791
1643
1666
1671
1688
1695
1697
1792
1799
1522
1714
1735
1765
1793
2175
1682
1690
1794
1861
1882
1895
2262
2266
176
791
862
1704
1712
1768
1795
1724
1784
1796
2130
2143
2149
2190
926
978
1750
1774
1797
1821
1828
1462
1522
1575
1691
1714
1744
1798
1666
1671
1680
1696
1792
1799
118
144
329
362
1778
1800
1822
1830
1831
266
1679
1743
1778
1801
1831
1832
1269
1429
1534
1676
1718
1758
1802
2062
1567
1705
1756
1786
1803
1819
1823
836
1703
1727
1731
1748
1759
1771
1804
978
1701
1753
1805
1807
2182
2187
791
1711
1724
1767
1784
1806
2168
978
1487
1490
1701
1741
1805
1807
1660
1713
1747
1782
1808
1859
2193
2194
1332
1433
1769
1809
2195
2202
2210
737
1810
1833
1841
1847
1856
2200
851
966
1394
1450
1748
1785
1811
1829
1661
1764
1788
1812
1821
1867
773
1663
1685
1689
1712
1762
1813
1687
1726
1734
1779
1814
1832
1079
1640
1726
1779
1790
1815
1816
1079
1503
1640
1659
1781
1815
1816
922
924
1553
1716
1817
1908
840
1645
1739
1752
1780
1818
1824
1656
1671
1756
1773
1783
1786
1803
1819
773
1639
1676
1700
1720
1745
1772
1820
2107
978
1661
1774
1788
1797
1812
1821
1394
1450
1702
1800
1822
1830
1831
1006
1040
1088
1503
1567
1756
1781
1803
1823
1645
1733
1739
1818
1824
1982
738
1629
1634
1734
1825
440
1826
1840
2487
2522
2523
88
153
242
433
508
1655
1827
926
966
978
1490
1789
1797
1828
1829
20
851
923
966
1789
1811
1828
1829
20
130
144
851
1450
1800
1822
1830
1679
1702
1778
1800
1801
1822
1831
266
1687
1743
1779
1801
1814
1832
1810
1833
1834
1841
2200
2208
2214
1833
1834
1841
1842
2199
2208
1835
1836
1842
1848
1858
2199
2201
1757
1835
1836
1858
2198
2201
1642
1837
1843
2197
2198
463
733
1307
1435
1474
1838
2000
1452
1660
1839
1859
2196
440
1253
1826
1840
1846
2522
1810
1833
1834
1841
1842
1856
1857
1834
1835
1841
1842
1848
1857
2199
1642
1757
1837
1843
1858
1865
2198
1420
1440
1844
1884
1939
1997
2034
455
1138
1148
1280
1455
1845
2004
2015
2185
1253
1261
1627
1840
1846
2522
737
1810
1847
1856
1869
1887
1888
1835
1842
1848
1857
1858
1870
1871
1279
1352
1849
1902
1959
1974
2158
0
373
1289
1850
1989
2035
2038
2063
1651
1851
1852
1853
1861
1877
2279
1851
1852
1853
1854
2279
2324
2330
1851
1852
1853
1854
1862
1877
1852
1853
1854
1862
1863
2330
2345
726
727
1855
1880
2251
2258
2259
1810
1841
1847
1856
1857
1869
1841
1842
1848
1856
1857
1869
1870
1757
1835
1836
1843
1848
1858
1865
1871
1872
1452
1660
1747
1808
1839
1859
1873
1391
1520
1860
1942
1991
2065
2180
1651
1690
1794
1851
1861
1882
2279
1853
1854
1862
1863
1877
1883
1854
1862
1863
1878
1883
2345
2359
725
1864
1879
1880
1885
2259
2261
2278
1452
1642
1843
1858
1865
1872
1873
1891
1892
1218
1222
1738
1866
2388
2499
1297
1475
1661
1764
1812
1867
2003
2182
1323
1340
1754
1868
1881
2230
2244
1847
1856
1857
1869
1870
1888
1904
1905
1848
1857
1869
1870
1871
1905
1848
1858
1870
1871
1872
1889
1905
1906
1858
1865
1871
1872
1890
1891
1906
1452
1747
1859
1865
1873
1892
1893
1933
1874
2002
2015
2055
2069
2158
1627
1632
1875
1673
1678
1696
1735
1777
1876
2175
1651
1721
1851
1853
1862
1877
1883
1155
1333
1863
1878
1883
2359
1864
1879
1885
1899
1900
1928
2261
727
734
742
1855
1864
1880
1885
1901
2259
1340
1754
1868
1881
1895
1911
1651
1722
1794
1861
1882
1895
1333
1341
1721
1862
1863
1877
1878
1883
142
1420
1637
1844
1884
1997
2116
1864
1879
1880
1885
1901
1928
1065
1080
1134
1135
1136
1293
1294
1886
737
743
1847
1887
1888
1903
1916
1917
1847
1869
1887
1888
1904
1917
1871
1889
1905
1906
1919
1920
1872
1890
1891
1906
1907
1923
1931
1965
1865
1872
1890
1891
1892
1907
1865
1873
1891
1892
1907
1933
1699
1747
1873
1893
1894
1933
1398
1699
1893
1894
1921
1933
1682
1722
1754
1794
1881
1882
1895
1911
1938
777
1704
1768
1896
2039
2127
729
754
1897
1898
1913
2261
1897
1898
1899
1900
1913
1927
1941
2261
1879
1898
1899
1900
1928
1941
1949
1958
1879
1898
1899
1900
2261
735
742
756
1880
1885
1901
1928
1929
1138
1352
1455
1849
1902
2015
2158
743
761
1887
1903
1914
1915
1916
1869
1888
1904
1905
1917
1918
1922
1869
1870
1871
1889
1904
1905
1918
1919
1871
1872
1889
1890
1906
1920
1923
1890
1891
1892
1907
1932
1933
1965
1406
1553
1600
1649
1716
1817
1908
2022
445
449
879
1124
1132
1909
154
346
587
663
1910
2036
2054
2189
1340
1362
1736
1881
1895
1911
1925
1938
516
1181
1187
1912
2066
2529
754
1897
1898
1913
1927
1940
761
769
772
781
1903
1914
1915
1943
1903
1914
1915
1916
1943
1944
1887
1903
1915
1916
1917
1922
1930
1944
1887
1888
1904
1916
1917
1922
1904
1905
1918
1919
1922
1952
1953
1889
1905
1918
1919
1920
1953
1889
1906
1919
1920
1923
1953
1954
1955
1387
1395
1398
1400
1407
1427
1699
1894
1921
1904
1916
1917
1918
1922
1930
1952
1890
1906
1920
1923
1931
1955
1065
1080
1125
1924
1950
2480
2518
2519
2532
1736
1911
1925
1936
1937
1938
1956
1364
1389
1408
1409
1722
1926
1938
1973
1981
1898
1913
1927
1940
1941
1948
1983
1879
1885
1899
1901
1928
1929
1949
756
771
780
1901
1928
1929
1949
1916
1922
1930
1944
1952
1961
1970
1890
1923
1931
1945
1955
1964
1965
1412
1907
1932
1933
1965
1971
1398
1412
1873
1892
1893
1894
1907
1932
1933
1308
1397
1571
1653
1707
1934
2144
1388
1396
1401
1736
1751
1935
1936
1947
1736
1925
1935
1936
1937
1947
1980
1925
1936
1937
1956
1972
1980
1722
1895
1911
1925
1926
1938
1956
1973
154
1420
1440
1844
1939
2189
754
768
789
1913
1927
1940
1948
1967
1898
1899
1927
1941
1958
1983
887
905
1520
1860
1942
2058
2065
772
1914
1915
1943
1944
1951
1960
1985
1915
1916
1930
1943
1944
1960
1970
1931
1945
1955
1964
1977
420
498
904
1441
1946
2091
2160
1401
1935
1936
1947
1966
1979
1980
1927
1940
1948
1967
1983
780
798
799
1899
1928
1929
1949
1958
1125
1315
1325
1924
1950
2506
2518
2531
772
781
800
817
1943
1951
1985
1918
1922
1930
1952
1953
1961
1962
1986
1987
1918
1919
1920
1952
1953
1954
1962
1963
1920
1953
1954
1955
1963
1976
1920
1923
1931
1945
1954
1955
1976
1977
1925
1937
1938
1956
1972
1973
1999
2010
1520
1957
2003
2016
2139
798
803
1899
1941
1949
1958
1968
1983
1301
1352
1849
1959
1974
1943
1944
1960
1970
1975
1985
2005
1930
1952
1961
1970
1986
1952
1953
1962
1963
1987
1953
1954
1962
1963
1976
1987
1993
2006
2019
1931
1945
1964
1965
1977
1978
1995
1996
1890
1907
1931
1932
1964
1965
1971
1978
1401
1421
1947
1966
1979
789
1739
1940
1948
1967
1982
1983
803
807
1752
1958
1968
1983
357
892
909
990
1381
1399
1425
1513
1969
1930
1944
1960
1961
1970
1975
1986
1412
1442
1932
1965
1971
1978
1988
1937
1956
1972
1980
1999
2001
2008
1926
1938
1956
1973
1981
2010
994
1279
1301
1445
1613
1849
1959
1974
2163
1960
1970
1975
1986
2005
2030
1954
1955
1963
1976
1977
1993
1994
1945
1955
1964
1976
1977
1994
1995
1964
1965
1971
1978
1988
1996
2021
1421
1947
1966
1979
1980
1990
1936
1937
1947
1972
1979
1980
1990
2008
1408
1926
1973
1981
2010
2024
789
801
1733
1739
1824
1967
1982
1739
1752
1927
1941
1948
1958
1967
1968
1983
128
1263
1272
1324
1984
2074
2098
814
817
1943
1951
1960
1985
2005
2029
1952
1961
1970
1975
1986
1987
2018
2030
1952
1962
1963
1986
1987
2018
2019
1442
1488
1971
1978
1988
2007
2021
373
466
755
1850
1989
2034
2038
1421
1979
1980
1990
1998
2008
2048
1520
1860
1991
2013
2016
2180
438
1491
1631
1654
1685
1689
1758
1760
1992
1963
1976
1993
1994
2006
2044
2046
1976
1977
1993
1994
1995
2046
1964
1977
1994
1995
1996
2020
2046
1964
1978
1995
1996
2020
2021
164
1844
1884
1997
2034
2038
2116
1421
1444
1451
1990
1998
2048
1956
1972
1999
2001
2009
2010
2050
733
777
1307
1571
1838
2000
2039
2144
1972
1999
2001
2008
2023
2050
1474
1650
1755
1874
2002
2004
2015
2069
732
1297
1475
1520
1867
1957
2003
2139
1148
1474
1845
2002
2004
2015
1960
1975
1985
2005
2029
2030
2040
2067
1963
1993
2006
2019
2044
1488
1988
2007
2021
2047
2079
1972
1980
1990
2001
2008
2023
2048
1999
2009
2010
2033
2050
2060
2061
1956
1973
1981
1999
2009
2010
2024
2033
1408
2011
2012
2024
2025
2026
1408
1414
2011
2012
2026
2027
2444
2454
1991
2013
2014
2016
2074
2098
2180
1470
2013
2014
2074
2180
1138
1845
1874
1902
2002
2004
2015
2158
1520
1957
1991
2013
2016
2098
2139
2017
2018
2019
2030
2031
2042
2043
2057
2086
1986
1987
2017
2018
2019
2030
1963
1987
2006
2017
2018
2019
2043
2044
1995
1996
2020
2021
2046
2068
2078
2079
2112
1978
1988
1996
2007
2020
2021
2079
1330
1406
1500
1600
1908
2022
2001
2008
2023
2048
2049
2050
2080
2092
1408
1981
2010
2011
2024
2025
2033
2011
2024
2025
2026
2033
2051
2061
2011
2012
2025
2026
2027
2051
2052
1434
2012
2026
2027
2052
2444
143
792
1183
1222
1233
1570
2028
2064
814
833
1985
2005
2029
2067
1975
1986
2005
2017
2018
2030
2031
2040
2041
2017
2030
2031
2041
2042
2077
1130
1363
1374
2032
2053
2517
2009
2010
2024
2025
2033
2061
755
1440
1844
1989
1997
2034
2038
0
1278
1289
1850
2035
2037
1420
1479
1668
1910
2036
2054
2189
1211
1278
1289
2035
2037
2128
2138
164
1850
1989
1997
2034
2038
2063
733
777
1147
1704
1896
2000
2039
2005
2030
2040
2041
2067
2030
2031
2040
2041
2067
2077
2100
2017
2031
2042
2077
2086
2017
2019
2043
2044
2057
1993
2006
2019
2043
2044
2045
2046
2057
2103
2104
2044
2045
2046
2068
2104
1993
1994
1995
2020
2044
2045
2046
2068
1471
1488
1528
1551
2007
2047
2079
2090
1451
1461
1990
1998
2008
2023
2048
2049
2059
1502
2023
2048
2049
2059
2080
1999
2001
2009
2023
2050
2060
2092
2123
2025
2026
2051
2052
2061
2070
2082
1434
2026
2027
2051
2052
2071
2072
2082
1121
1122
1129
1130
2032
2053
2504
2517
587
741
1662
1668
1910
2036
2054
1753
1874
2055
2056
2069
2084
2158
1118
1686
1753
2055
2056
2084
2017
2043
2044
2057
2086
2103
2111
150
188
282
905
1297
1520
1942
2058
1461
1502
1531
2048
2049
2059
2009
2050
2060
2061
2093
2094
2123
2009
2025
2033
2051
2060
2061
2070
2094
1269
1629
1718
1802
2062
164
1211
1289
1850
2038
2063
143
203
1570
2028
2064
2474
887
1391
1546
1580
1860
1942
2065
516
1187
1218
1912
2066
2075
833
847
1732
2005
2029
2040
2041
2067
2099
2100
2020
2045
2046
2068
2078
2087
2104
1650
1701
1753
1874
2002
2055
2069
2051
2061
2070
2081
2082
2094
2052
2071
2072
2082
2095
2105
1434
2052
2071
2072
2073
2083
2095
1434
1463
1481
1482
2072
2073
2083
2115
1324
1470
1984
2013
2014
2074
2098
1187
1218
1507
1509
1510
2066
2075
452
1137
1261
1525
1632
2076
2031
2041
2042
2077
2086
2100
2101
2110
2020
2068
2078
2087
2088
2112
2007
2020
2021
2047
2079
2089
2090
2112
1502
2023
2049
2080
2092
2133
2070
2081
2082
2094
2105
2113
2124
2135
2051
2052
2070
2071
2081
2082
2105
2072
2073
2083
2095
2115
1118
1279
2055
2056
2084
2158
351
792
1157
1252
1709
1738
2085
2188
2413
2017
2042
2057
2077
2086
2101
2111
2068
2078
2087
2088
2104
2119
2142
2143
2078
2087
2088
2112
2119
2079
2089
2090
2112
2131
1551
2047
2079
2089
2090
2120
2131
498
965
1437
1600
1946
2091
2157
2160
2023
2050
2080
2092
2122
2123
2133
2060
2093
2094
2123
2124
2060
2061
2070
2081
2093
2094
2124
2071
2072
2083
2095
2105
2115
2125
1481
1492
2096
2106
2115
2126
2156
732
1263
1300
2097
2098
2139
1263
1984
2013
2016
2074
2097
2098
2139
1732
2067
2099
2100
2109
2166
2041
2067
2077
2099
2100
2109
2110
2077
2086
2101
2110
2111
2118
2102
2103
2111
2129
2141
2044
2057
2102
2103
2104
2111
2141
2044
2045
2068
2087
2103
2104
2141
2142
2071
2081
2082
2095
2105
2113
2114
2125
1492
1504
2096
2106
2126
2137
438
773
1676
1685
1820
2107
847
856
875
1732
1775
2108
2146
2099
2100
2109
2110
2147
2166
2077
2100
2101
2109
2110
2118
2147
2057
2086
2101
2102
2103
2111
2118
2129
2159
2020
2078
2079
2088
2089
2112
2119
2131
2081
2105
2113
2114
2135
2136
2154
2105
2113
2114
2125
2136
2155
1481
2073
2083
2095
2096
2115
2125
2156
164
399
1211
1447
1595
1637
1884
1997
2116
951
984
1278
2117
2138
2164
2177
2101
2110
2111
2118
2140
2147
2148
2159
2087
2088
2112
2119
2130
2131
2143
1551
1594
2090
2120
2131
2169
2181
899
1446
1709
2121
2188
2502
2503
2515
2092
2122
2123
2133
2134
2151
2050
2060
2092
2093
2122
2123
2124
2134
2081
2093
2094
2123
2124
2134
2135
2095
2105
2114
2115
2125
2155
2156
1539
2096
2106
2126
2137
2156
2162
777
1667
1768
1776
1896
2127
1211
1426
2037
2128
2138
2174
2102
2111
2129
2141
2149
2159
2179
1724
1796
2119
2130
2131
2143
2168
2089
2090
2112
2119
2120
2130
2131
2168
2169
1502
1552
2132
2133
2150
2172
1502
2080
2092
2122
2132
2133
2151
2172
2122
2123
2124
2134
2135
2145
2151
2152
2184
2081
2113
2124
2134
2135
2145
2153
2154
1445
2113
2114
2136
2154
2155
2173
2186
1504
1505
1540
2106
2126
2137
2162
1278
2037
2117
2128
2138
2174
2177
732
1957
2003
2016
2097
2098
2139
1493
1742
2118
2140
2148
2159
2179
2102
2103
2104
2129
2141
2142
2143
2149
2087
2104
2141
2142
2143
1796
2087
2119
2130
2141
2142
2143
2149
1307
1308
1571
1934
2000
2144
2134
2135
2145
2152
2153
875
894
908
1775
2108
2146
2165
2109
2110
2118
2147
2148
2166
2167
2178
1493
2118
2140
2147
2148
2178
1796
2129
2141
2143
2149
2179
2190
1552
1559
2132
2150
2170
2171
2172
2122
2133
2134
2151
2172
2184
1287
2134
2145
2152
2153
2184
2185
2135
2145
2152
2153
2154
2173
2185
2113
2135
2136
2153
2154
2173
1445
2114
2125
2136
2155
2156
2161
1539
2096
2115
2125
2126
2155
2156
2161
498
834
1437
2091
2157
1279
1849
1874
1902
2015
2055
2084
2158
2111
2118
2129
2140
2159
2179
965
1441
1946
2091
2160
1445
1539
1583
1613
2155
2156
2161
1539
1540
1560
2126
2137
2162
97
994
1118
1279
1974
2163
951
1706
2117
2164
2176
2177
908
1575
1691
1775
2146
2165
1708
1732
1746
1775
2099
2109
2147
2166
2167
1746
2147
2166
2167
2178
1724
1767
1806
2130
2131
2168
2169
1767
2120
2131
2168
2169
2181
1465
1559
2150
2170
2171
2183
2192
2150
2170
2171
2172
2192
2132
2133
2150
2151
2171
2172
2184
2192
1455
2136
2153
2154
2173
2185
2186
1426
1467
1647
1658
1665
1670
2128
2138
2174
2176
2177
1678
1692
1735
1746
1765
1793
1876
2175
1670
1684
1706
2164
2174
2176
2177
2117
2138
2164
2174
2176
2177
1493
1730
1746
2147
2148
2167
2178
178
1742
1766
2129
2140
2149
2159
2179
2190
1391
1470
1625
1860
1991
2013
2014
2180
862
1594
1611
1767
2120
2169
2181
978
1475
1661
1805
1867
2182
2187
1465
1559
2170
2183
2191
1287
1523
2134
2151
2152
2172
2184
2192
1280
1287
1455
1845
2152
2153
2173
2185
1301
1352
1445
1455
2136
2173
2186
732
1475
1686
1753
1805
2182
2187
899
1709
1738
2085
2121
2188
2388
154
1420
1910
1939
2036
2189
1766
1784
1796
2149
2179
2190
138
1147
1465
1559
1582
1612
2183
2191
1223
1465
1523
2170
2171
2172
2184
2192
1433
1782
1808
2193
2194
2195
2203
2210
1660
1808
2193
2194
2196
2203
2211
2212
1433
1809
2193
2195
2210
1452
1660
1839
2194
2196
2197
2204
2205
2212
1452
1642
1837
2196
2197
2198
2205
2206
1757
1836
1837
1843
2197
2198
2201
2206
1834
1835
1842
2199
2201
2207
2208
728
737
1810
1833
2200
2209
2214
2219
1835
1836
2198
2199
2201
2206
2207
1316
1317
1338
1769
1809
2202
2210
2215
2193
2194
2203
2210
2211
2220
2196
2204
2205
2212
2213
2216
2196
2197
2204
2205
2206
2213
2197
2198
2201
2205
2206
2207
2213
2217
2221
2199
2201
2206
2207
2208
2218
2221
1833
1834
2199
2207
2208
2214
2218
723
728
2200
2209
2219
2223
2242
1809
2193
2195
2202
2203
2210
2215
2220
2245
2194
2203
2211
2212
2216
2220
2224
2231
2194
2196
2204
2211
2212
2216
2204
2205
2206
2213
2216
2217
2225
2226
1833
2200
2208
2214
2218
2219
2222
2235
1317
2202
2210
2215
2230
2236
2245
2204
2211
2212
2213
2216
2224
2225
2232
2206
2213
2217
2221
2226
2207
2208
2214
2218
2221
2222
2228
2200
2209
2214
2219
2223
2229
2235
2203
2210
2211
2220
2231
2245
2246
2206
2207
2217
2218
2221
2226
2227
2228
2214
2218
2222
2228
2235
2241
2249
2209
2219
2223
2229
2242
2250
2257
2274
2211
2216
2224
2231
2232
2253
2213
2216
2225
2226
2232
2233
2238
2213
2217
2221
2225
2226
2227
2234
2238
2239
2221
2226
2227
2228
2234
2240
2218
2221
2222
2227
2228
2240
2249
2219
2223
2229
2235
2241
2250
2255
2256
1317
1322
1323
1868
2215
2230
2236
2244
2211
2220
2224
2231
2246
2253
2216
2224
2225
2232
2233
2237
2253
2225
2232
2233
2237
2238
2247
2226
2227
2234
2239
2240
2248
2283
2214
2219
2222
2229
2235
2241
2215
2230
2236
2244
2245
2267
2232
2233
2237
2247
2253
2271
2225
2226
2233
2238
2239
2247
2254
2226
2234
2238
2239
2254
2283
2299
2227
2228
2234
2240
2248
2249
2255
2300
2222
2229
2235
2241
2249
2255
722
723
2209
2223
2242
2243
2257
722
726
727
2242
2243
2251
2257
1754
1868
2230
2236
2244
2252
2267
2210
2215
2220
2236
2245
2246
2267
2269
2220
2231
2245
2246
2253
2264
2269
2270
2287
2233
2237
2238
2247
2254
2271
2288
2298
2234
2240
2248
2283
2289
2300
2222
2228
2240
2241
2249
2255
2223
2229
2250
2256
2273
2274
2290
726
1855
2243
2251
2257
2258
1682
1754
2244
2252
2263
2267
2281
2224
2231
2232
2237
2246
2253
2264
2271
2238
2239
2247
2254
2298
2299
2229
2240
2241
2249
2255
2256
2300
2301
2229
2250
2255
2256
2272
2290
2301
2223
2242
2243
2251
2257
2258
2274
2275
2284
2285
1855
2251
2257
2258
2259
2276
2285
1855
1864
1880
2258
2259
2276
2278
112
249
357
925
2260
2476
725
729
1864
1879
1897
1898
1900
2261
1682
1794
2262
2263
2266
1682
2252
2262
2263
2266
2281
2246
2253
2264
2271
2287
2297
179
180
195
1770
2265
2336
2461
1690
1794
2262
2263
2266
2280
2281
2295
2313
2347
2236
2244
2245
2252
2267
2268
2269
2281
2267
2268
2269
2281
2282
2296
2314
2245
2246
2267
2268
2269
2270
2282
2246
2269
2270
2282
2287
2237
2247
2253
2264
2271
2288
2297
2316
2317
2256
2272
2290
2301
2320
2250
2273
2274
2290
2291
2223
2250
2257
2273
2274
2275
2257
2274
2275
2258
2259
2276
2277
2278
2285
2292
2310
2276
2277
2278
2293
2310
725
1864
2259
2276
2277
2278
2286
2293
1690
1851
1852
1861
2279
2280
2324
1690
2266
2279
2280
2324
2347
2252
2263
2266
2267
2268
2281
2295
2314
2268
2269
2270
2282
2234
2239
2248
2283
2289
2299
2308
2328
2257
2284
2285
2257
2258
2276
2284
2285
2292
2304
724
725
729
2278
2286
2293
2305
2246
2264
2270
2287
2247
2271
2288
2298
2307
2317
2327
2248
2283
2289
2300
2308
2319
2250
2256
2272
2273
2290
2291
2302
2320
2321
2322
2273
2290
2291
2302
2303
2276
2285
2292
2304
2309
2310
2277
2278
2286
2293
2305
2310
2311
2344
2294
2460
2486
2488
2524
2526
2266
2281
2295
2313
2314
2325
2348
2268
2296
2314
2264
2271
2297
2247
2254
2288
2298
2299
2307
2328
2332
2239
2254
2283
2298
2299
2328
2240
2248
2255
2289
2300
2301
2319
2255
2256
2272
2300
2301
2319
2320
2290
2291
2302
2291
2303
2285
2292
2304
2309
724
2286
2293
2305
2311
2334
2306
2314
2331
2288
2298
2307
2327
2332
2339
2340
2283
2289
2308
2318
2319
2328
2341
2292
2304
2309
2310
2333
2343
2344
2356
2276
2277
2292
2293
2309
2310
2344
2293
2305
2311
2334
2344
2358
2366
724
748
752
2312
2334
2335
2266
2295
2313
2337
2347
2348
2268
2281
2295
2296
2306
2314
2325
2331
2315
2331
2338
2271
2316
2271
2288
2317
2308
2318
2328
2341
2351
2369
2289
2300
2301
2308
2319
2320
2341
2272
2290
2301
2319
2320
2321
2341
2290
2320
2321
2322
2341
2342
2363
2370
2290
2321
2322
2342
2323
2342
1852
2279
2280
2324
2330
2347
2379
2295
2314
2325
2331
2348
2349
2360
2361
2326
2338
2367
2288
2307
2327
2283
2298
2299
2308
2318
2328
2332
2369
2329
2342
2352
1852
1854
2324
2330
2345
2346
2375
2379
2306
2314
2315
2325
2331
2338
2349
2298
2307
2328
2332
2340
2369
2376
2309
2333
724
2305
2311
2312
2334
2335
2358
748
2312
2334
2335
2358
2373
2396
143
195
351
1770
2265
2336
2412
2474
2313
2337
2347
2348
2380
2315
2326
2331
2338
2349
2362
2367
2307
2339
2340
2307
2332
2339
2340
2376
2383
2392
2308
2318
2319
2320
2321
2341
2351
2370
2321
2322
2323
2329
2342
2352
2363
2309
2343
2356
2293
2309
2310
2311
2344
2356
2357
2366
2372
1854
1863
2330
2345
2346
2359
2374
1119
2330
2345
2346
2374
2375
2266
2280
2313
2324
2337
2347
2379
2380
2295
2313
2325
2337
2348
2360
2380
2381
2325
2331
2338
2349
2361
2362
2350
2367
2318
2341
2351
2369
2370
2408
2409
2329
2342
2352
2353
2363
2364
2385
2386
2352
2353
2364
2354
2364
2355
2356
2357
2394
2422
2309
2343
2344
2355
2356
2357
2344
2355
2356
2357
2372
2394
2395
2311
2334
2335
2358
2366
2378
2396
1139
1155
1863
1878
2345
2359
2374
2325
2348
2360
2325
2349
2361
2338
2349
2362
2367
2321
2342
2352
2363
2370
2377
2385
2352
2353
2354
2364
2371
2386
2365
2386
2422
2311
2344
2358
2366
2372
2378
2326
2338
2350
2362
2367
2368
2382
2401
2402
2367
2368
2390
2402
2318
2328
2332
2351
2369
2376
2408
2321
2341
2351
2363
2370
2377
2409
2364
2371
2386
2344
2357
2366
2372
2378
2387
2395
2404
472
748
751
2335
2373
2396
1119
1139
1151
1152
2345
2346
2359
2374
1119
1120
2330
2346
2375
2379
2399
2332
2340
2369
2376
2383
2408
2449
2363
2370
2377
2384
2385
2409
2358
2366
2372
2378
2387
2396
2405
2324
2330
2347
2375
2379
2380
2399
2337
2347
2348
2379
2380
2381
2389
2399
2414
2348
2380
2381
2367
2382
2340
2376
2383
2392
2407
2419
2420
2449
2377
2384
2385
2409
2410
2451
2352
2363
2377
2384
2385
2386
2403
2410
2352
2364
2365
2371
2385
2386
2393
2403
2422
55
66
2372
2378
2387
2404
2405
516
899
1218
1738
1866
2188
2388
2380
2389
2414
2368
2390
2391
2402
2417
2418
2429
2438
2390
2391
2407
2429
2340
2383
2392
2407
2386
2393
2403
2422
2431
2432
2433
2355
2357
2394
2395
2422
2434
2357
2372
2394
2395
2404
2411
2434
472
2335
2358
2373
2378
2396
2405
592
1533
1543
1544
1563
1569
2397
2398
2406
2436
2489
2500
2526
2527
1120
1140
2375
2379
2380
2399
2414
2427
2400
2414
2466
2367
2401
2402
2367
2368
2390
2401
2402
2416
2417
2385
2386
2393
2403
2410
2421
2431
66
462
2372
2387
2395
2404
2411
55
472
495
2378
2387
2396
2405
2423
392
2398
2406
2424
2463
2486
2489
2526
2383
2391
2392
2407
2419
2429
2351
2369
2376
2408
2409
2430
2449
2457
2351
2370
2377
2384
2408
2409
2450
2451
2457
2384
2385
2403
2410
2421
2451
462
740
2395
2404
2411
2434
351
1237
1246
1453
1770
2336
2412
351
1245
1252
1453
2085
2413
2380
2389
2399
2400
2414
2426
2427
2446
2466
2415
2466
2402
2416
2417
2428
2390
2402
2416
2417
2418
2428
2390
2417
2418
2428
2438
2467
2468
2383
2407
2419
2420
2429
2439
2383
2419
2420
2439
2449
2481
2493
2507
2403
2410
2421
2431
2451
2452
2470
2355
2365
2386
2393
2394
2422
2433
2434
2472
2473
55
67
495
510
2405
2423
2406
2424
2460
2463
2486
2490
2512
29
797
1010
2425
2436
2455
2491
2501
2527
1140
1141
2414
2426
2427
2445
2446
1140
2399
2414
2426
2427
2416
2417
2418
2428
2437
2467
2492
2390
2391
2407
2419
2429
2438
2439
2408
2430
2449
2457
2494
2393
2403
2421
2431
2432
2440
2452
2393
2431
2432
2433
2440
2441
2393
2422
2432
2433
2441
2472
740
2394
2395
2411
2422
2434
2442
2473
459
597
1240
1497
1606
2435
2453
2398
2425
2436
2491
2526
2527
2428
2437
2492
2390
2418
2429
2438
2439
2468
2481
2419
2420
2429
2438
2439
2481
2431
2432
2440
2432
2433
2441
2472
442
739
740
2434
2442
2459
2473
592
1190
2443
2464
2499
1434
2012
2027
2444
2454
2465
2475
1141
1319
2426
2445
2446
2456
2414
2426
2445
2446
2456
2466
2477
2504
2447
2466
2478
2479
2448
2479
2492
2376
2383
2408
2420
2430
2449
2493
2494
2520
2409
2450
2451
2457
2469
2470
2384
2409
2410
2421
2450
2451
2470
2421
2431
2452
249
459
1164
1240
2435
2453
2476
1414
1415
2012
2444
2454
2465
2502
1010
1042
1255
2425
2455
2491
1121
1128
1319
2445
2446
2456
2504
2408
2409
2430
2450
2457
2469
2494
2495
2458
2472
2483
442
443
2442
2459
2473
2294
2424
2460
2486
2490
2513
2524
102
131
156
165
180
1262
1770
2265
2461
357
1164
1281
1381
1419
2462
2476
392
410
2406
2424
2463
2512
1183
1190
1208
2443
2464
2499
2444
2454
2465
2475
2502
2515
2400
2414
2415
2446
2447
2466
2477
2478
2505
2418
2428
2467
2468
2480
2492
2518
2418
2438
2467
2468
2480
2481
2450
2457
2469
2421
2450
2451
2470
2471
2483
2497
2509
2422
2433
2441
2458
2472
2473
2483
2484
2485
443
2422
2434
2442
2459
2472
2473
2485
143
195
203
212
2064
2336
2474
1434
1463
2444
2465
2475
2514
2515
249
357
1164
2260
2453
2462
2476
1126
1363
2446
2466
2477
2504
2505
2517
2447
2466
2478
2479
2505
2506
2530
2447
2448
2478
2479
2492
2506
1924
2467
2468
2480
2518
2420
2438
2439
2468
2481
2482
2497
2458
2471
2472
2483
2484
2509
2472
2483
2484
2485
2498
2509
2510
443
2472
2473
2484
2485
2498
2294
2406
2424
2460
2486
2526
1826
2487
2497
2509
2522
2523
1220
1255
1288
1302
2294
2488
2491
2524
2526
392
1275
2398
2406
2489
2500
647
1740
2424
2460
2490
2512
2513
1255
2425
2436
2455
2488
2491
2526
2428
2437
2448
2467
2479
2492
2506
2518
2420
2449
2493
2430
2449
2457
2494
2495
2520
2521
2457
2494
2495
1627
2496
2497
2522
2471
2482
2487
2496
2497
2509
2522
443
2484
2485
2498
2510
2511
592
1183
1218
1222
1866
2443
2464
2499
1239
1258
1275
2398
2489
2500
2527
797
962
2425
2501
2525
2527
1415
2121
2454
2465
2502
2503
2515
1415
1416
1709
2121
2502
2503
1121
2053
2446
2456
2477
2504
2517
1124
1126
2466
2477
2478
2505
2530
1950
2478
2479
2492
2506
2518
2530
2531
2420
2507
1627
2508
2471
2483
2484
2487
2497
2509
2510
2523
441
2484
2498
2509
2510
2511
2523
24
441
443
448
2498
2510
2511
410
639
647
654
676
2424
2463
2490
2512
1274
1302
1740
2460
2490
2513
2524
1463
1464
2475
2514
2515
2528
2529
1446
2121
2465
2475
2502
2514
2515
2529
1709
2516
1363
2032
2053
2477
2504
2517
1924
1950
2467
2480
2492
2506
2518
1924
2519
2449
2494
2520
2494
2521
1627
1826
1840
1846
2487
2496
2497
2522
440
441
447
1826
2487
2509
2510
2523
1302
2294
2460
2488
2513
2524
435
797
962
1081
1382
2501
2525
2294
2398
2406
2436
2486
2488
2491
2526
962
1239
2398
2425
2436
2500
2501
2527
1181
1464
1483
1496
2514
2528
2529
516
1181
1446
1912
2514
2515
2528
2529
1124
1325
2478
2505
2506
2530
2531
1325
1950
2506
2530
2531
1065
1293
1632
1924
2532
